1 2 0.2
1 3 0.01
1 4 0.2
1 5 0.2
1 6 0.01
1 7 0.2
1 8 0.05
1 9 0.2
1 10 0.01
1 11 0.01
1 12 0.2
1 13 0.2
1 14 0.01
1 15 0.05
1 16 0.2
1 17 0.05
1 18 0.01
1 19 0.01
1 20 0.05
1 21 0.01
1 22 0.01
1 23 0.2
1 24 0.2
1 25 0.01
1 26 0.05
1 27 0.05
1 28 0.2
1 29 0.2
1 30 0.2
1 31 0.01
2 18 0.01
2 32 0.01
2 13 0.2
2 16 0.2
2 10 0.01
2 24 0.05
2 33 0.2
2 34 0.01
2 22 0.2
2 35 0.01
2 3 0.05
2 9 0.2
2 20 0.2
2 36 0.01
2 7 0.01
2 6 0.01
2 8 0.05
2 37 0.01
2 11 0.05
2 4 0.2
2 38 0.05
2 19 0.2
3 39 0.05
3 21 0.05
3 40 0.05
3 13 0.01
3 7 0.2
3 8 0.05
3 34 0.2
3 28 0.05
3 23 0.05
3 41 0.01
3 42 0.01
3 43 0.05
3 9 0.05
3 11 0.2
3 4 0.01
3 18 0.05
3 19 0.2
3 44 0.2
3 16 0.01
3 45 0.01
3 46 0.01
3 6 0.05
3 20 0.05
3 27 0.2
3 22 0.05
3 47 0.2
3 48 0.05
3 49 0.2
3 50 0.01
3 12 0.01
3 51 0.05
3 52 0.05
3 53 0.2
3 54 0.2
3 55 0.05
3 56 0.05
4 57 0.01
4 58 0.2
4 59 0.01
4 60 0.01
4 46 0.2
4 61 0.01
4 62 0.2
4 63 0.2
4 64 0.01
4 65 0.2
4 66 0.01
4 67 0.05
4 11 0.01
4 68 0.01
4 69 0.01
4 70 0.01
4 71 0.2
4 22 0.01
4 72 0.2
5 6 0.05
5 73 0.01
5 74 0.05
5 13 0.01
5 75 0.2
5 76 0.05
5 77 0.05
5 78 0.05
5 79 0.2
6 7 0.05
6 28 0.05
6 13 0.01
6 34 0.05
6 80 0.01
6 81 0.01
6 16 0.2
6 18 0.2
6 82 0.05
6 27 0.05
6 83 0.05
6 8 0.05
6 84 0.01
6 85 0.05
6 86 0.01
6 87 0.01
6 22 0.01
7 88 0.2
7 89 0.2
7 22 0.01
7 19 0.05
7 90 0.01
7 16 0.2
7 91 0.01
7 92 0.2
7 93 0.2
7 94 0.05
7 28 0.01
7 13 0.2
7 95 0.05
7 96 0.05
7 97 0.05
7 98 0.2
7 99 0.01
7 100 0.01
7 10 0.01
7 76 0.2
7 15 0.01
7 9 0.01
8 101 0.05
8 22 0.2
8 102 0.2
8 28 0.01
9 22 0.2
9 103 0.2
9 13 0.01
9 104 0.01
9 41 0.05
9 24 0.01
9 21 0.01
9 105 0.2
9 16 0.01
9 106 0.01
9 107 0.2
9 10 0.01
9 30 0.05
10 108 0.05
10 109 0.01
10 34 0.01
10 110 0.01
10 111 0.01
10 112 0.01
10 16 0.05
10 113 0.01
10 24 0.01
10 70 0.05
10 114 0.2
10 115 0.01
10 116 0.05
10 30 0.01
10 117 0.05
10 118 0.05
10 119 0.01
10 120 0.2
10 121 0.05
10 122 0.01
10 123 0.05
10 124 0.05
10 125 0.2
10 126 0.01
10 127 0.01
10 128 0.05
10 129 0.2
10 130 0.01
11 131 0.2
11 73 0.05
11 45 0.01
11 132 0.05
11 133 0.01
11 134 0.01
11 135 0.01
11 22 0.2
11 136 0.2
11 20 0.05
11 19 0.05
11 18 0.05
11 137 0.05
11 138 0.01
11 27 0.05
11 25 0.2
12 139 0.2
12 140 0.05
12 141 0.2
12 142 0.05
12 84 0.05
12 143 0.2
12 144 0.01
12 145 0.2
12 146 0.2
12 147 0.01
12 148 0.01
12 149 0.01
12 150 0.05
12 151 0.01
12 152 0.05
12 153 0.05
13 154 0.2
13 155 0.2
13 156 0.05
13 24 0.2
13 157 0.01
13 28 0.2
13 22 0.05
13 158 0.05
13 16 0.01
13 18 0.2
13 159 0.01
13 14 0.01
13 69 0.01
13 45 0.2
13 106 0.2
13 76 0.01
13 153 0.01
13 160 0.2
14 15 0.05
14 161 0.01
14 162 0.05
14 163 0.2
14 164 0.2
14 123 0.01
14 33 0.05
14 24 0.01
14 165 0.2
14 166 0.2
14 34 0.2
14 167 0.2
14 124 0.05
14 168 0.05
14 110 0.05
14 169 0.2
14 170 0.05
14 171 0.05
14 172 0.2
14 173 0.05
14 174 0.05
14 80 0.2
14 136 0.05
14 112 0.05
14 175 0.05
14 176 0.01
14 107 0.2
14 177 0.2
14 178 0.2
14 179 0.01
14 16 0.2
14 180 0.01
14 181 0.2
14 182 0.2
15 76 0.2
15 183 0.01
15 184 0.01
15 185 0.01
15 186 0.01
15 187 0.05
15 124 0.01
15 33 0.2
15 188 0.05
15 189 0.2
15 190 0.01
15 168 0.01
15 34 0.05
15 191 0.01
15 93 0.01
15 23 0.01
16 192 0.2
16 108 0.2
16 24 0.01
16 193 0.05
16 123 0.2
16 194 0.2
16 195 0.2
16 34 0.2
16 196 0.01
16 197 0.01
16 198 0.2
16 199 0.05
16 30 0.2
16 127 0.2
16 200 0.01
16 77 0.2
16 105 0.01
16 201 0.01
16 202 0.05
16 203 0.01
16 204 0.05
16 205 0.05
16 206 0.01
16 207 0.05
16 208 0.01
16 209 0.2
16 210 0.05
16 33 0.05
16 211 0.01
16 212 0.01
16 213 0.05
16 214 0.05
16 215 0.01
16 216 0.2
16 56 0.2
16 217 0.05
16 218 0.05
16 219 0.01
16 220 0.05
16 129 0.05
16 221 0.05
16 222 0.2
17 115 0.01
17 24 0.2
17 34 0.05
17 223 0.2
17 224 0.05
17 225 0.05
18 25 0.01
18 39 0.05
18 26 0.05
18 226 0.01
18 23 0.2
18 38 0.05
18 227 0.05
18 21 0.2
18 27 0.2
18 19 0.05
18 22 0.2
18 228 0.05
19 229 0.2
19 230 0.2
19 38 0.01
19 231 0.2
19 20 0.01
19 27 0.05
19 70 0.01
19 137 0.01
19 232 0.2
19 186 0.2
19 120 0.05
19 82 0.05
19 233 0.05
19 234 0.05
19 235 0.05
19 236 0.01
19 237 0.05
19 238 0.05
19 239 0.01
19 240 0.2
19 41 0.01
19 86 0.05
20 233 0.05
20 228 0.05
20 81 0.2
20 50 0.01
20 241 0.01
20 41 0.2
20 242 0.01
20 106 0.01
20 243 0.01
20 43 0.01
20 244 0.01
20 22 0.05
21 245 0.2
21 246 0.05
21 40 0.01
21 25 0.05
21 46 0.2
21 41 0.01
21 54 0.01
21 247 0.05
21 248 0.01
21 47 0.01
21 249 0.01
21 250 0.2
21 251 0.2
21 223 0.01
21 252 0.05
21 253 0.2
21 23 0.05
21 50 0.01
21 254 0.01
21 105 0.05
21 255 0.05
21 210 0.2
21 214 0.05
21 206 0.01
21 55 0.01
21 157 0.01
21 256 0.2
21 107 0.2
21 91 0.2
21 239 0.2
21 257 0.05
21 258 0.01
21 259 0.05
21 59 0.05
21 260 0.01
21 39 0.2
21 103 0.05
21 104 0.05
21 261 0.05
22 27 0.2
22 38 0.05
22 32 0.01
23 262 0.2
23 263 0.01
23 240 0.2
23 264 0.2
23 38 0.2
23 265 0.01
23 266 0.01
23 227 0.01
23 54 0.05
23 182 0.05
23 134 0.01
23 135 0.2
23 25 0.01
23 43 0.05
23 246 0.01
23 45 0.05
23 267 0.2
23 268 0.2
23 39 0.2
23 143 0.01
23 269 0.05
23 270 0.01
23 271 0.05
23 272 0.05
23 46 0.01
23 44 0.2
23 42 0.2
23 273 0.01
23 80 0.05
23 196 0.2
23 255 0.2
23 274 0.01
23 275 0.2
23 276 0.05
23 50 0.01
23 277 0.01
23 278 0.05
23 279 0.05
23 97 0.01
23 280 0.05
23 203 0.01
23 230 0.05
23 281 0.2
23 282 0.2
23 283 0.05
23 284 0.2
24 108 0.05
24 285 0.01
24 109 0.05
24 286 0.05
24 182 0.2
24 34 0.05
24 176 0.05
24 287 0.01
24 288 0.05
24 263 0.01
24 289 0.01
24 115 0.01
24 290 0.05
24 167 0.01
24 70 0.2
24 291 0.05
24 119 0.01
24 292 0.01
24 124 0.05
24 58 0.2
24 30 0.05
24 168 0.05
24 33 0.01
24 116 0.05
24 293 0.05
24 294 0.05
24 174 0.01
24 295 0.01
24 110 0.05
24 120 0.05
24 121 0.2
24 296 0.2
24 297 0.05
24 112 0.05
25 26 0.01
25 227 0.01
25 39 0.2
25 287 0.05
25 265 0.01
25 298 0.05
25 299 0.05
25 300 0.01
25 301 0.2
25 62 0.01
25 302 0.2
25 126 0.05
25 60 0.05
25 303 0.05
25 238 0.2
27 95 0.05
27 238 0.01
27 304 0.01
27 235 0.01
27 70 0.2
27 186 0.2
27 232 0.2
27 230 0.01
27 38 0.2
27 305 0.01
27 86 0.01
27 275 0.05
27 306 0.01
27 307 0.2
28 34 0.2
28 233 0.05
28 182 0.01
28 308 0.01
28 309 0.2
28 280 0.05
29 310 0.05
29 311 0.2
29 312 0.2
29 313 0.05
29 314 0.05
29 147 0.2
29 315 0.01
29 316 0.2
30 317 0.01
30 318 0.05
30 319 0.2
30 320 0.05
30 321 0.2
30 322 0.01
30 323 0.2
30 324 0.01
30 49 0.05
30 325 0.01
30 326 0.05
30 178 0.01
30 34 0.01
30 196 0.05
30 327 0.05
30 328 0.01
30 218 0.01
30 200 0.05
30 211 0.05
30 194 0.01
30 201 0.01
31 329 0.01
31 45 0.01
31 330 0.05
31 259 0.05
31 251 0.05
31 104 0.05
31 331 0.2
31 202 0.2
31 157 0.2
31 332 0.01
31 333 0.05
31 334 0.05
31 54 0.01
31 335 0.01
31 336 0.01
31 245 0.2
31 337 0.01
31 338 0.01
31 339 0.05
31 340 0.01
31 241 0.01
32 341 0.2
33 34 0.2
33 120 0.2
33 169 0.05
34 308 0.05
34 108 0.2
34 342 0.2
34 343 0.01
34 182 0.01
34 55 0.01
34 70 0.01
38 344 0.2
38 345 0.05
38 51 0.2
38 270 0.2
38 237 0.01
38 231 0.05
38 233 0.01
38 346 0.05
38 347 0.01
38 275 0.01
38 348 0.05
38 241 0.05
38 254 0.2
38 349 0.05
38 350 0.2
38 351 0.2
38 352 0.01
38 330 0.01
38 353 0.01
39 354 0.2
39 46 0.05
39 227 0.01
39 52 0.05
39 105 0.05
39 250 0.2
39 313 0.2
39 42 0.01
39 245 0.2
39 240 0.01
39 246 0.01
39 43 0.2
39 355 0.2
39 356 0.2
39 357 0.05
39 314 0.01
39 332 0.01
39 358 0.2
39 107 0.01
39 41 0.05
39 45 0.01
39 265 0.01
39 50 0.01
40 359 0.05
40 54 0.2
40 55 0.05
40 336 0.2
40 268 0.01
40 354 0.05
40 293 0.05
40 360 0.2
40 46 0.01
40 361 0.01
40 56 0.01
40 362 0.01
40 363 0.01
40 364 0.2
40 49 0.01
40 47 0.01
40 42 0.2
40 365 0.2
40 355 0.2
40 105 0.01
40 157 0.01
40 58 0.05
40 203 0.2
40 366 0.2
40 367 0.2
41 354 0.05
41 353 0.05
41 87 0.01
41 368 0.2
41 245 0.2
41 262 0.2
41 260 0.05
41 358 0.2
41 134 0.05
41 270 0.05
41 54 0.2
41 369 0.01
41 250 0.2
41 370 0.05
41 371 0.2
41 210 0.05
41 194 0.2
41 50 0.01
41 372 0.2
41 135 0.05
41 246 0.01
41 332 0.2
41 103 0.05
41 51 0.05
41 373 0.01
41 62 0.2
41 48 0.05
41 46 0.01
41 374 0.01
41 106 0.05
41 94 0.2
41 375 0.05
41 238 0.2
41 376 0.2
41 377 0.2
41 334 0.05
41 247 0.05
41 378 0.01
41 379 0.2
41 355 0.01
41 47 0.05
41 191 0.2
41 235 0.01
42 303 0.05
42 380 0.05
42 381 0.01
42 105 0.2
42 382 0.2
42 372 0.01
42 271 0.05
42 383 0.01
42 384 0.01
42 385 0.2
42 386 0.2
42 387 0.05
42 356 0.01
42 388 0.01
42 389 0.2
42 50 0.2
42 390 0.2
42 391 0.01
42 314 0.2
42 392 0.2
42 104 0.01
42 245 0.05
42 333 0.01
42 393 0.05
42 332 0.05
42 44 0.01
42 394 0.2
42 378 0.01
42 395 0.05
42 396 0.05
42 397 0.05
42 337 0.01
42 355 0.2
42 398 0.2
42 354 0.2
42 45 0.05
42 134 0.01
42 335 0.01
42 157 0.05
42 399 0.05
42 400 0.01
42 338 0.01
42 401 0.01
42 84 0.2
42 402 0.01
42 403 0.05
42 404 0.05
43 269 0.01
43 46 0.2
43 405 0.2
43 282 0.05
43 230 0.05
43 240 0.2
44 341 0.2
44 406 0.05
44 407 0.2
44 408 0.01
44 332 0.01
44 409 0.01
44 410 0.05
44 386 0.2
44 411 0.01
44 412 0.2
44 135 0.2
44 52 0.2
44 383 0.01
44 413 0.2
44 414 0.05
45 415 0.01
45 399 0.05
45 73 0.05
45 333 0.05
45 416 0.05
45 355 0.05
45 417 0.01
45 418 0.01
45 251 0.05
45 419 0.2
45 227 0.2
45 420 0.05
45 421 0.01
45 50 0.05
45 422 0.2
45 54 0.01
45 191 0.05
45 423 0.2
45 362 0.05
45 424 0.2
45 349 0.2
45 425 0.01
45 133 0.2
45 259 0.2
46 59 0.2
46 399 0.2
46 72 0.05
46 62 0.01
46 58 0.05
46 426 0.05
46 354 0.2
46 64 0.01
46 57 0.01
46 373 0.05
46 71 0.01
46 414 0.05
46 69 0.01
46 81 0.01
46 66 0.01
46 427 0.05
46 282 0.2
46 428 0.2
46 429 0.01
46 68 0.2
46 351 0.01
46 241 0.05
46 430 0.05
46 246 0.2
46 431 0.01
46 52 0.2
46 432 0.2
46 48 0.05
47 433 0.05
47 337 0.01
47 104 0.2
48 296 0.05
48 332 0.2
48 434 0.05
48 367 0.01
49 54 0.2
49 76 0.01
49 185 0.05
49 269 0.2
49 344 0.05
49 241 0.2
49 92 0.2
49 303 0.05
49 328 0.2
49 206 0.01
49 435 0.05
49 55 0.01
49 293 0.01
49 436 0.2
49 105 0.01
49 116 0.01
49 390 0.05
49 437 0.05
49 128 0.2
49 361 0.2
49 79 0.01
49 201 0.05
49 274 0.2
49 317 0.01
49 321 0.05
49 327 0.01
49 438 0.2
49 439 0.2
49 213 0.05
49 202 0.2
49 440 0.01
49 325 0.2
49 322 0.01
49 441 0.2
49 56 0.05
49 442 0.01
49 363 0.05
50 259 0.2
50 368 0.01
50 52 0.01
50 228 0.01
50 81 0.01
50 241 0.2
50 354 0.2
50 443 0.01
50 444 0.2
50 191 0.01
50 245 0.01
50 324 0.2
50 367 0.2
50 338 0.01
50 271 0.05
50 314 0.01
50 404 0.05
50 333 0.2
51 445 0.2
51 446 0.2
51 105 0.05
51 56 0.2
51 447 0.05
51 354 0.2
51 353 0.01
51 54 0.05
51 448 0.05
51 449 0.01
51 368 0.2
51 278 0.2
51 366 0.2
51 450 0.2
51 338 0.01
51 257 0.2
51 451 0.05
51 340 0.05
51 269 0.2
52 452 0.01
52 453 0.2
52 228 0.01
52 241 0.05
52 81 0.2
52 351 0.01
52 269 0.2
52 182 0.2
52 128 0.01
52 454 0.05
52 333 0.01
52 133 0.2
52 365 0.01
52 340 0.01
52 254 0.05
52 455 0.2
52 456 0.2
52 146 0.05
52 457 0.01
52 362 0.01
52 367 0.01
52 458 0.05
52 157 0.01
52 335 0.2
52 248 0.05
52 135 0.01
52 316 0.2
52 459 0.2
52 402 0.01
52 287 0.01
52 460 0.05
52 413 0.01
52 461 0.05
53 72 0.2
54 187 0.2
54 124 0.05
54 87 0.05
54 183 0.01
54 354 0.05
54 189 0.05
54 268 0.2
54 454 0.05
54 346 0.05
54 76 0.01
54 329 0.2
54 331 0.05
54 185 0.2
54 462 0.2
54 378 0.05
54 463 0.05
54 333 0.05
54 464 0.01
54 316 0.2
54 465 0.2
54 191 0.05
54 466 0.05
54 467 0.2
55 468 0.01
55 360 0.2
55 105 0.01
55 259 0.05
55 317 0.01
55 469 0.2
55 324 0.2
55 201 0.01
55 56 0.05
55 128 0.01
56 470 0.2
56 335 0.2
56 251 0.01
56 392 0.01
56 332 0.2
56 471 0.05
56 360 0.05
56 364 0.2
56 327 0.05
56 472 0.2
56 289 0.05
56 207 0.01
56 202 0.05
56 196 0.01
56 473 0.05
56 212 0.01
56 213 0.05
56 390 0.05
56 293 0.2
56 201 0.2
56 128 0.2
56 194 0.2
56 437 0.2
56 105 0.01
56 133 0.01
56 474 0.2
56 210 0.01
56 77 0.2
56 214 0.2
57 62 0.01
57 58 0.2
57 475 0.05
57 65 0.2
57 476 0.05
57 477 0.2
57 478 0.05
57 479 0.01
57 480 0.05
57 59 0.01
57 282 0.2
57 69 0.2
57 426 0.01
57 72 0.01
57 481 0.2
57 64 0.05
57 66 0.01
57 373 0.05
57 482 0.05
57 483 0.2
57 484 0.2
57 485 0.2
57 420 0.01
57 486 0.01
57 231 0.2
57 487 0.2
58 72 0.2
58 59 0.01
58 64 0.2
58 66 0.05
58 69 0.05
58 488 0.2
58 62 0.2
58 426 0.01
58 282 0.01
58 373 0.05
58 192 0.2
58 286 0.2
58 351 0.2
58 393 0.01
58 489 0.2
58 67 0.01
58 490 0.01
58 491 0.01
58 255 0.2
58 439 0.05
58 492 0.01
58 493 0.2
58 206 0.05
58 494 0.05
58 124 0.05
58 107 0.05
58 495 0.2
58 112 0.01
59 64 0.01
59 66 0.01
59 71 0.01
59 69 0.01
59 282 0.05
59 62 0.01
59 426 0.01
59 72 0.05
59 430 0.01
59 496 0.2
59 497 0.2
59 498 0.2
59 256 0.05
59 499 0.05
60 485 0.01
61 470 0.05
61 64 0.01
61 244 0.2
61 500 0.2
61 68 0.01
61 132 0.01
61 501 0.01
61 485 0.2
61 502 0.05
62 503 0.05
62 63 0.05
62 64 0.05
62 504 0.05
62 373 0.01
62 341 0.2
62 505 0.05
62 371 0.05
62 140 0.05
62 185 0.2
62 145 0.2
62 267 0.2
62 150 0.2
62 203 0.01
62 72 0.05
62 71 0.2
62 66 0.2
62 476 0.2
62 67 0.01
63 427 0.2
63 506 0.01
63 507 0.2
63 508 0.01
63 150 0.05
63 71 0.01
63 509 0.01
63 476 0.05
64 485 0.01
64 65 0.2
64 68 0.2
64 90 0.01
64 506 0.2
64 282 0.2
64 510 0.05
64 69 0.2
64 72 0.2
64 483 0.01
65 483 0.2
65 68 0.05
65 485 0.2
65 282 0.2
65 510 0.01
65 430 0.2
65 90 0.2
65 477 0.2
65 475 0.2
65 511 0.2
65 512 0.2
65 513 0.01
65 476 0.2
65 481 0.01
65 514 0.05
66 316 0.01
66 515 0.01
66 368 0.2
66 69 0.01
66 71 0.2
66 282 0.01
66 426 0.05
66 72 0.2
67 430 0.05
67 516 0.01
67 485 0.01
67 286 0.05
67 282 0.2
67 238 0.05
67 490 0.2
67 491 0.01
67 517 0.2
67 518 0.01
67 519 0.05
68 470 0.01
68 500 0.01
68 485 0.01
68 510 0.05
68 430 0.2
68 90 0.01
68 282 0.2
68 520 0.2
68 511 0.01
68 69 0.05
68 373 0.2
69 444 0.05
69 506 0.01
69 521 0.05
69 522 0.2
69 523 0.2
69 524 0.2
69 525 0.2
69 426 0.01
69 72 0.01
69 526 0.01
69 527 0.2
69 432 0.2
69 509 0.05
69 90 0.2
69 528 0.2
69 362 0.01
69 466 0.01
69 349 0.05
69 219 0.2
69 529 0.2
69 500 0.2
70 530 0.01
70 233 0.2
70 108 0.01
70 239 0.05
70 444 0.05
70 330 0.01
70 82 0.05
70 531 0.05
70 117 0.2
70 280 0.2
70 169 0.2
70 355 0.05
70 182 0.2
70 492 0.01
70 532 0.2
70 495 0.01
70 170 0.2
71 508 0.01
71 233 0.2
71 427 0.01
71 429 0.05
71 134 0.01
71 533 0.05
71 511 0.2
72 534 0.2
72 426 0.01
72 535 0.01
72 536 0.01
72 537 0.2
72 369 0.05
72 507 0.2
72 285 0.01
72 538 0.01
72 500 0.05
72 539 0.05
72 511 0.01
72 540 0.05
72 282 0.05
72 339 0.01
72 455 0.2
72 353 0.01
72 396 0.05
72 541 0.01
72 373 0.05
72 542 0.01
72 268 0.01
72 351 0.01
72 140 0.2
72 423 0.2
72 510 0.2
72 356 0.2
73 420 0.01
73 376 0.01
73 543 0.01
73 133 0.01
73 544 0.05
73 467 0.2
73 270 0.05
73 447 0.05
73 528 0.2
73 260 0.01
73 545 0.2
73 546 0.01
73 89 0.01
73 378 0.2
73 413 0.2
73 422 0.05
73 547 0.01
73 548 0.05
74 233 0.01
74 134 0.05
74 254 0.2
74 549 0.2
74 466 0.05
74 504 0.2
74 550 0.05
74 287 0.05
74 551 0.01
74 552 0.05
74 194 0.2
74 206 0.05
74 196 0.01
74 128 0.05
74 505 0.05
74 553 0.01
74 186 0.05
74 101 0.05
74 554 0.2
74 555 0.2
75 556 0.2
75 557 0.2
75 354 0.01
75 558 0.05
75 152 0.2
75 559 0.05
75 468 0.05
75 560 0.01
75 267 0.05
75 148 0.05
75 561 0.01
76 183 0.01
76 187 0.05
76 185 0.05
76 553 0.05
76 84 0.05
76 562 0.2
76 189 0.05
76 396 0.2
76 267 0.01
76 147 0.2
76 117 0.2
76 105 0.2
76 316 0.05
76 269 0.01
76 563 0.01
76 564 0.01
76 565 0.01
76 566 0.2
76 190 0.01
76 567 0.05
76 568 0.05
76 467 0.05
76 150 0.05
76 466 0.01
76 462 0.05
76 233 0.01
76 186 0.05
76 569 0.2
76 124 0.01
76 341 0.01
76 570 0.01
76 80 0.2
76 119 0.01
76 571 0.2
76 572 0.2
76 573 0.05
76 352 0.01
77 420 0.01
77 147 0.2
77 574 0.05
77 323 0.01
77 196 0.05
78 333 0.05
78 183 0.2
78 113 0.05
78 181 0.01
78 176 0.01
78 162 0.01
78 197 0.2
78 161 0.2
78 575 0.01
78 120 0.05
78 121 0.01
79 576 0.01
79 128 0.01
79 133 0.2
79 136 0.01
79 322 0.2
79 201 0.05
79 336 0.05
79 105 0.05
79 400 0.05
79 577 0.05
80 184 0.01
80 578 0.2
80 269 0.05
80 579 0.01
80 580 0.2
80 581 0.2
80 582 0.01
80 116 0.05
80 85 0.2
80 401 0.01
80 400 0.01
80 577 0.05
80 105 0.01
80 176 0.01
80 583 0.05
80 127 0.2
80 274 0.2
80 584 0.05
80 194 0.2
80 361 0.01
80 120 0.01
80 161 0.05
81 228 0.05
81 134 0.01
81 585 0.05
81 452 0.05
81 241 0.05
81 586 0.05
81 155 0.05
81 587 0.01
81 333 0.05
81 454 0.01
81 460 0.01
81 554 0.2
81 588 0.05
81 308 0.01
81 260 0.01
81 94 0.05
81 243 0.2
81 405 0.05
81 204 0.05
82 234 0.05
82 306 0.2
82 233 0.05
82 180 0.05
82 269 0.2
82 237 0.01
82 94 0.01
82 405 0.01
82 182 0.2
82 381 0.2
82 275 0.2
82 176 0.2
82 113 0.2
82 301 0.01
82 520 0.2
82 589 0.01
82 460 0.2
82 277 0.01
82 201 0.05
82 588 0.05
83 590 0.01
83 388 0.2
83 239 0.05
83 143 0.01
83 243 0.01
84 354 0.05
84 141 0.01
84 143 0.2
84 332 0.01
84 146 0.05
84 591 0.01
84 150 0.05
84 140 0.01
84 573 0.2
84 153 0.05
84 152 0.2
85 398 0.2
85 592 0.01
85 593 0.05
85 212 0.05
85 128 0.2
85 219 0.01
85 594 0.2
85 198 0.2
85 595 0.05
85 215 0.01
85 193 0.2
85 291 0.2
85 328 0.01
85 222 0.01
85 205 0.05
85 401 0.05
85 130 0.2
85 327 0.2
85 518 0.05
85 596 0.01
86 429 0.2
86 597 0.05
86 598 0.2
86 378 0.05
86 233 0.05
86 95 0.05
86 454 0.2
86 94 0.01
87 183 0.2
87 134 0.05
87 567 0.2
88 92 0.01
88 599 0.05
88 204 0.01
88 219 0.2
88 600 0.2
88 518 0.05
88 601 0.05
88 193 0.01
88 594 0.01
88 198 0.01
88 259 0.05
89 454 0.2
89 464 0.01
89 93 0.2
89 602 0.05
89 603 0.05
89 604 0.05
90 427 0.05
90 485 0.2
90 282 0.05
90 510 0.05
90 430 0.01
90 605 0.01
90 606 0.01
90 607 0.05
90 507 0.01
90 608 0.01
90 396 0.01
90 426 0.01
90 604 0.05
90 609 0.2
90 610 0.05
90 285 0.05
90 603 0.05
91 611 0.2
91 256 0.2
91 233 0.2
91 612 0.05
91 269 0.05
91 613 0.05
91 369 0.01
91 614 0.2
91 615 0.01
91 444 0.01
92 616 0.2
92 617 0.2
92 618 0.2
92 201 0.05
92 284 0.01
92 619 0.2
92 157 0.2
92 620 0.01
92 574 0.01
92 259 0.05
93 621 0.05
93 454 0.2
93 602 0.05
93 189 0.01
93 603 0.01
93 622 0.2
93 623 0.01
93 624 0.01
93 625 0.01
93 465 0.2
93 626 0.01
93 627 0.05
93 191 0.01
93 628 0.05
93 118 0.01
93 629 0.2
94 630 0.2
94 99 0.01
94 266 0.05
94 631 0.01
94 376 0.2
94 632 0.05
94 231 0.2
94 351 0.01
94 457 0.05
94 137 0.2
94 606 0.01
94 633 0.2
94 233 0.05
94 568 0.01
94 237 0.05
94 131 0.01
94 598 0.2
94 597 0.01
94 241 0.01
95 454 0.01
95 632 0.01
96 376 0.01
96 612 0.05
96 100 0.2
96 634 0.05
96 610 0.05
96 457 0.01
98 635 0.05
98 598 0.05
98 636 0.2
98 627 0.2
99 135 0.01
99 602 0.05
99 189 0.01
100 598 0.2
101 265 0.05
101 196 0.01
101 271 0.05
101 637 0.01
101 582 0.2
101 404 0.05
101 132 0.2
101 468 0.2
101 638 0.01
101 128 0.2
101 554 0.01
102 339 0.2
102 370 0.01
103 639 0.2
103 246 0.01
103 614 0.05
104 154 0.01
104 333 0.01
104 135 0.2
104 501 0.01
104 404 0.2
104 128 0.2
104 201 0.01
104 218 0.01
104 640 0.05
104 327 0.05
104 105 0.01
105 333 0.2
105 545 0.05
105 335 0.05
105 183 0.2
105 331 0.05
105 420 0.2
105 578 0.05
105 414 0.2
105 236 0.2
105 468 0.01
105 378 0.05
105 227 0.2
105 274 0.2
105 439 0.01
105 400 0.2
105 390 0.2
105 210 0.05
105 446 0.01
105 641 0.05
105 200 0.05
105 214 0.01
105 204 0.05
105 196 0.05
105 206 0.2
105 128 0.2
105 642 0.01
105 643 0.01
105 644 0.05
105 596 0.05
105 645 0.01
105 646 0.2
105 198 0.05
105 647 0.01
105 284 0.01
105 129 0.01
105 203 0.01
105 259 0.01
105 116 0.05
105 648 0.2
105 213 0.2
105 291 0.01
105 205 0.05
105 218 0.01
105 649 0.2
105 650 0.2
105 651 0.2
105 503 0.01
105 251 0.2
105 321 0.2
105 202 0.2
105 361 0.05
105 201 0.2
105 472 0.05
105 217 0.2
105 437 0.2
105 216 0.05
105 307 0.2
106 538 0.2
106 588 0.05
106 425 0.05
106 652 0.01
106 653 0.05
106 452 0.01
106 654 0.2
106 655 0.01
106 656 0.05
106 268 0.05
106 415 0.05
106 657 0.05
106 458 0.2
106 658 0.05
106 134 0.05
106 137 0.2
106 358 0.2
106 659 0.2
106 339 0.05
106 660 0.05
106 661 0.2
106 662 0.05
106 663 0.01
106 664 0.2
106 391 0.2
106 467 0.2
106 665 0.01
107 666 0.2
107 667 0.2
107 252 0.05
107 182 0.01
107 128 0.01
107 200 0.01
107 206 0.01
107 263 0.05
107 196 0.01
107 668 0.01
107 217 0.01
108 120 0.05
108 296 0.01
110 117 0.2
110 532 0.01
110 569 0.05
110 119 0.05
110 669 0.05
110 182 0.01
110 124 0.05
112 333 0.01
112 271 0.01
112 179 0.01
112 670 0.2
112 165 0.01
112 280 0.01
112 671 0.2
112 163 0.05
112 120 0.01
112 168 0.01
112 355 0.05
112 114 0.01
112 170 0.2
112 181 0.01
112 167 0.2
113 134 0.01
113 672 0.05
113 176 0.01
113 181 0.05
113 124 0.2
113 162 0.05
113 168 0.2
113 532 0.2
113 120 0.01
113 163 0.01
114 669 0.01
114 569 0.01
114 117 0.05
114 179 0.05
115 454 0.01
115 673 0.01
115 224 0.01
115 668 0.05
115 225 0.01
115 287 0.01
115 255 0.01
115 674 0.05
115 367 0.01
115 675 0.2
116 470 0.05
116 676 0.2
116 677 0.2
116 344 0.01
116 678 0.05
116 269 0.01
116 468 0.05
116 593 0.01
116 127 0.01
116 128 0.01
116 274 0.2
116 648 0.2
116 446 0.2
116 305 0.2
116 390 0.05
116 205 0.01
116 679 0.05
116 439 0.05
116 194 0.01
116 215 0.01
116 213 0.2
116 435 0.2
116 642 0.01
116 206 0.05
116 210 0.05
116 214 0.01
116 307 0.01
116 201 0.2
116 289 0.01
116 680 0.05
116 681 0.01
116 204 0.2
116 198 0.05
117 135 0.05
117 185 0.2
117 124 0.05
117 569 0.01
117 119 0.2
117 167 0.2
117 682 0.01
117 133 0.01
117 161 0.05
117 532 0.05
117 120 0.01
118 683 0.2
118 517 0.05
118 441 0.01
118 629 0.2
118 205 0.01
118 684 0.2
118 469 0.05
119 124 0.05
119 169 0.2
119 669 0.2
119 569 0.2
120 233 0.01
120 332 0.2
120 685 0.2
120 569 0.01
120 532 0.01
120 166 0.01
120 178 0.05
120 168 0.2
120 165 0.2
120 182 0.05
120 669 0.05
120 174 0.2
120 176 0.01
120 169 0.01
120 170 0.05
120 161 0.05
120 172 0.05
120 163 0.2
120 179 0.01
120 181 0.2
120 563 0.2
120 297 0.01
121 178 0.2
121 163 0.01
121 169 0.2
121 563 0.05
121 166 0.01
121 174 0.2
121 165 0.2
121 172 0.2
121 168 0.2
122 429 0.01
122 545 0.01
122 686 0.2
122 331 0.01
122 329 0.01
122 543 0.2
122 252 0.2
122 687 0.01
122 688 0.01
122 290 0.2
122 355 0.01
122 689 0.05
122 287 0.01
124 183 0.2
124 176 0.2
124 555 0.2
124 690 0.2
124 569 0.05
124 691 0.2
125 692 0.01
125 137 0.01
125 429 0.05
125 329 0.2
125 367 0.05
125 287 0.2
125 182 0.05
125 255 0.2
125 693 0.2
125 694 0.05
126 684 0.01
127 647 0.2
127 274 0.2
127 594 0.01
127 695 0.2
127 696 0.2
127 208 0.01
127 446 0.05
127 219 0.2
127 649 0.01
127 648 0.01
127 199 0.2
128 303 0.01
128 137 0.2
128 429 0.01
128 231 0.2
128 243 0.2
128 206 0.01
128 321 0.2
128 194 0.05
128 325 0.01
128 293 0.05
128 324 0.01
128 680 0.05
128 217 0.05
128 439 0.01
128 182 0.01
128 435 0.01
128 274 0.2
128 196 0.2
128 305 0.05
128 207 0.2
128 289 0.2
128 201 0.01
128 697 0.2
129 641 0.05
129 200 0.01
129 643 0.2
129 317 0.01
130 468 0.01
130 672 0.2
130 698 0.2
130 194 0.2
130 327 0.01
130 401 0.01
130 205 0.2
130 699 0.2
130 437 0.2
131 135 0.2
131 611 0.05
131 134 0.2
131 297 0.2
131 700 0.01
131 701 0.2
131 585 0.01
131 330 0.2
131 155 0.01
131 536 0.2
131 702 0.01
131 460 0.01
131 703 0.01
131 234 0.2
131 614 0.2
131 481 0.2
131 137 0.2
131 704 0.01
131 677 0.01
132 244 0.2
132 313 0.01
132 470 0.05
132 547 0.05
132 501 0.2
132 638 0.2
132 617 0.2
132 331 0.2
132 259 0.05
133 475 0.01
133 565 0.01
133 134 0.05
133 282 0.01
133 234 0.2
133 213 0.01
133 446 0.01
134 585 0.01
134 135 0.2
134 155 0.01
134 227 0.01
134 338 0.05
134 481 0.2
134 705 0.05
134 706 0.05
134 691 0.05
134 586 0.05
134 351 0.2
134 663 0.01
134 368 0.2
134 377 0.05
134 240 0.2
134 448 0.2
134 140 0.05
134 418 0.05
134 314 0.01
134 707 0.05
134 372 0.05
134 607 0.01
134 708 0.01
134 445 0.01
134 487 0.2
134 709 0.05
134 254 0.05
135 196 0.05
135 394 0.2
135 524 0.05
135 606 0.05
135 710 0.05
135 387 0.01
135 711 0.01
135 311 0.05
135 340 0.05
135 598 0.2
135 586 0.01
135 568 0.2
135 431 0.05
135 712 0.01
135 504 0.2
135 397 0.05
135 545 0.05
135 467 0.05
135 713 0.2
135 714 0.05
135 457 0.05
135 148 0.2
135 367 0.05
135 480 0.01
135 693 0.05
135 184 0.01
135 155 0.01
135 715 0.01
135 227 0.01
135 332 0.2
136 612 0.01
136 565 0.05
136 302 0.01
136 716 0.01
136 576 0.05
136 717 0.05
136 718 0.2
136 313 0.2
136 533 0.05
136 213 0.2
136 682 0.05
137 711 0.01
137 662 0.01
137 452 0.2
137 238 0.2
137 243 0.2
137 269 0.01
137 182 0.01
137 585 0.01
137 138 0.05
137 554 0.05
137 239 0.2
137 376 0.2
137 454 0.2
137 588 0.05
137 413 0.01
137 321 0.01
137 214 0.2
137 362 0.2
137 230 0.05
137 443 0.01
137 520 0.05
137 420 0.2
137 233 0.01
137 459 0.05
137 332 0.2
138 230 0.01
138 240 0.05
139 147 0.2
139 146 0.01
140 147 0.2
140 148 0.01
140 142 0.05
140 150 0.2
140 146 0.05
140 299 0.01
140 267 0.05
140 354 0.01
140 504 0.2
140 143 0.2
140 300 0.2
140 349 0.01
140 719 0.05
140 152 0.05
140 332 0.2
140 329 0.05
140 649 0.01
140 396 0.05
140 720 0.01
140 573 0.2
140 721 0.01
140 505 0.2
140 145 0.05
140 149 0.2
140 722 0.05
140 314 0.01
140 312 0.01
140 313 0.01
140 333 0.2
141 354 0.01
141 723 0.2
141 719 0.05
141 142 0.01
141 146 0.01
141 152 0.2
142 143 0.2
142 354 0.01
142 152 0.2
142 723 0.01
142 649 0.2
142 591 0.01
142 404 0.01
142 147 0.2
142 148 0.05
142 150 0.05
142 146 0.05
142 724 0.01
142 443 0.05
142 313 0.2
142 504 0.05
142 355 0.2
142 332 0.05
142 578 0.2
143 723 0.2
143 147 0.2
143 239 0.01
143 146 0.05
143 725 0.05
143 726 0.05
143 633 0.05
143 504 0.05
143 332 0.2
143 413 0.05
143 727 0.2
143 396 0.05
143 591 0.01
143 381 0.05
143 728 0.2
143 729 0.01
143 730 0.2
143 590 0.2
143 411 0.01
143 299 0.05
143 410 0.2
143 276 0.05
143 731 0.01
144 559 0.05
144 732 0.05
144 387 0.05
144 733 0.2
144 734 0.05
144 364 0.05
144 556 0.05
145 371 0.05
145 416 0.01
145 331 0.05
145 735 0.05
145 146 0.01
145 736 0.05
145 267 0.01
145 241 0.01
145 573 0.2
145 185 0.01
145 237 0.01
145 354 0.05
145 150 0.05
145 372 0.05
145 152 0.05
146 371 0.2
146 573 0.01
146 147 0.05
146 354 0.2
146 150 0.05
146 332 0.01
146 185 0.01
146 737 0.05
146 148 0.05
146 505 0.05
146 149 0.01
146 362 0.2
146 316 0.01
146 239 0.01
146 428 0.01
146 229 0.05
146 152 0.01
147 152 0.05
147 314 0.2
147 183 0.01
147 150 0.2
147 738 0.01
147 239 0.2
147 573 0.05
147 507 0.2
147 739 0.01
147 354 0.05
147 720 0.2
147 396 0.05
148 206 0.2
148 573 0.05
148 364 0.2
148 719 0.01
148 378 0.05
148 152 0.05
149 267 0.2
149 721 0.2
149 737 0.01
149 371 0.2
149 573 0.05
149 185 0.2
149 505 0.05
149 150 0.05
149 152 0.01
149 692 0.05
150 152 0.05
150 354 0.05
150 573 0.01
150 241 0.05
150 540 0.05
150 183 0.05
150 243 0.05
150 404 0.01
150 578 0.2
151 241 0.01
152 739 0.2
152 267 0.01
152 371 0.05
152 735 0.05
152 559 0.05
152 300 0.2
152 557 0.05
152 243 0.01
152 737 0.05
152 573 0.05
152 740 0.2
152 741 0.05
152 185 0.2
152 723 0.2
152 742 0.2
153 396 0.2
153 743 0.2
153 744 0.2
153 412 0.05
153 745 0.05
153 746 0.01
153 747 0.01
153 356 0.05
153 590 0.01
153 748 0.01
153 591 0.01
154 218 0.05
155 377 0.05
155 237 0.05
155 677 0.05
155 362 0.2
155 445 0.01
155 346 0.01
155 415 0.2
155 586 0.05
155 344 0.2
155 418 0.01
155 585 0.01
155 375 0.01
155 378 0.05
156 269 0.05
156 687 0.05
156 702 0.01
156 662 0.2
156 268 0.01
157 335 0.2
157 741 0.2
157 246 0.01
157 332 0.01
157 333 0.05
157 749 0.05
158 750 0.05
158 751 0.01
158 661 0.01
158 752 0.01
158 391 0.01
158 753 0.05
158 395 0.2
158 754 0.2
158 183 0.05
158 755 0.01
158 649 0.01
159 756 0.01
159 434 0.05
160 757 0.05
160 758 0.05
160 759 0.05
161 190 0.01
161 183 0.05
161 185 0.01
161 584 0.01
162 584 0.05
162 176 0.2
162 196 0.01
162 327 0.2
162 197 0.01
162 401 0.2
162 699 0.01
162 297 0.01
162 198 0.05
163 633 0.2
163 351 0.01
163 760 0.2
163 489 0.05
163 322 0.05
164 271 0.05
164 173 0.2
164 167 0.05
164 168 0.05
164 322 0.01
164 165 0.2
165 239 0.2
165 172 0.01
165 174 0.01
165 167 0.2
165 563 0.05
165 166 0.01
165 168 0.05
165 297 0.2
166 182 0.05
166 492 0.05
166 168 0.05
166 361 0.2
166 178 0.2
167 237 0.2
167 532 0.05
168 237 0.01
168 563 0.01
168 322 0.05
168 691 0.2
168 532 0.01
170 490 0.01
171 501 0.2
171 584 0.01
172 297 0.2
172 563 0.2
176 390 0.01
176 584 0.01
176 181 0.05
176 220 0.2
176 197 0.01
176 196 0.2
176 761 0.05
176 182 0.01
176 198 0.2
176 327 0.2
177 584 0.05
177 182 0.05
178 244 0.01
179 280 0.2
179 669 0.05
181 344 0.01
181 549 0.01
181 314 0.2
181 197 0.2
182 231 0.05
182 234 0.05
182 241 0.05
182 237 0.2
182 277 0.01
182 762 0.01
182 532 0.01
182 296 0.05
182 563 0.2
182 287 0.01
182 763 0.2
182 292 0.2
183 567 0.05
183 187 0.2
183 764 0.01
183 700 0.2
183 625 0.01
183 384 0.05
183 359 0.05
183 189 0.01
183 393 0.05
183 381 0.01
183 715 0.05
183 341 0.01
183 724 0.05
183 726 0.01
183 367 0.2
183 191 0.05
183 551 0.2
183 765 0.2
183 566 0.05
183 602 0.05
183 604 0.2
183 766 0.01
183 190 0.05
183 185 0.2
184 185 0.05
184 269 0.05
184 572 0.2
184 189 0.2
184 191 0.01
184 579 0.05
184 206 0.05
185 371 0.01
185 559 0.01
185 300 0.05
185 742 0.2
185 416 0.05
185 573 0.05
185 329 0.01
185 354 0.2
185 364 0.01
185 389 0.2
185 736 0.2
185 767 0.2
185 569 0.05
185 331 0.01
185 578 0.2
185 267 0.01
185 190 0.01
186 580 0.01
186 603 0.05
186 549 0.01
186 711 0.05
186 768 0.01
186 429 0.05
186 639 0.05
186 638 0.05
186 414 0.01
187 466 0.05
187 567 0.01
187 766 0.05
187 396 0.01
187 589 0.2
188 769 0.2
188 660 0.05
188 455 0.2
188 588 0.05
188 770 0.2
188 654 0.2
188 467 0.01
188 771 0.05
188 562 0.2
188 772 0.2
188 663 0.2
188 578 0.05
189 454 0.05
189 191 0.01
189 773 0.2
189 464 0.01
189 623 0.05
189 602 0.2
189 622 0.01
189 578 0.2
189 774 0.05
190 567 0.01
190 566 0.2
190 573 0.01
191 454 0.01
191 464 0.01
191 316 0.05
191 622 0.05
192 698 0.05
192 775 0.2
192 776 0.2
192 248 0.2
192 503 0.01
192 446 0.05
192 206 0.01
192 288 0.01
192 224 0.2
192 323 0.05
193 363 0.05
193 328 0.01
193 361 0.05
193 592 0.05
193 222 0.05
193 215 0.05
193 594 0.05
193 401 0.2
193 196 0.05
193 775 0.2
193 518 0.2
193 600 0.01
193 601 0.2
193 599 0.01
193 212 0.2
193 446 0.05
193 219 0.05
193 204 0.05
194 705 0.2
194 196 0.01
194 210 0.01
194 293 0.05
194 263 0.2
194 649 0.05
194 325 0.2
194 439 0.01
194 361 0.2
194 390 0.05
194 317 0.01
194 204 0.05
194 400 0.2
194 777 0.2
195 694 0.2
195 778 0.05
195 255 0.2
195 675 0.05
195 489 0.05
195 671 0.05
196 269 0.01
196 333 0.05
196 237 0.2
196 678 0.2
196 599 0.05
196 220 0.01
196 779 0.01
196 274 0.01
196 201 0.01
196 390 0.01
196 197 0.2
196 204 0.2
196 780 0.05
196 263 0.05
196 317 0.01
196 473 0.2
196 289 0.01
196 472 0.2
196 212 0.01
196 327 0.05
196 207 0.2
196 691 0.01
196 777 0.05
196 439 0.01
196 214 0.2
196 781 0.05
196 446 0.2
196 361 0.2
196 210 0.05
196 364 0.2
196 695 0.01
196 218 0.01
197 204 0.2
197 327 0.2
197 782 0.05
197 220 0.01
197 390 0.2
197 289 0.01
197 780 0.2
197 212 0.05
198 775 0.2
198 512 0.2
198 222 0.05
198 205 0.01
198 215 0.2
198 629 0.05
198 327 0.01
198 207 0.01
198 401 0.01
198 584 0.2
198 647 0.2
198 441 0.2
198 212 0.01
198 594 0.01
198 204 0.05
198 695 0.2
198 206 0.01
198 783 0.01
198 780 0.05
198 698 0.01
198 219 0.05
198 642 0.05
199 784 0.2
199 785 0.01
199 289 0.05
199 687 0.01
199 725 0.05
199 286 0.05
199 363 0.2
199 786 0.05
199 215 0.05
199 221 0.05
199 780 0.01
199 216 0.01
199 649 0.2
199 218 0.2
200 219 0.05
200 641 0.05
200 645 0.01
200 596 0.01
200 646 0.01
200 642 0.2
200 787 0.2
200 643 0.05
200 271 0.01
200 647 0.01
200 545 0.05
200 470 0.2
200 333 0.01
200 692 0.2
200 788 0.01
200 617 0.2
200 284 0.01
200 259 0.01
200 205 0.05
201 258 0.05
201 335 0.2
201 233 0.2
201 650 0.05
201 202 0.2
201 206 0.05
201 361 0.05
201 438 0.2
201 291 0.05
201 274 0.2
201 293 0.01
201 218 0.2
201 325 0.01
201 474 0.01
201 336 0.2
202 258 0.01
202 335 0.01
202 251 0.05
202 399 0.05
202 348 0.2
202 586 0.05
202 214 0.01
202 321 0.05
202 474 0.05
203 291 0.05
203 503 0.05
203 371 0.05
203 416 0.05
203 573 0.05
203 332 0.2
203 263 0.01
203 789 0.05
203 206 0.05
203 323 0.2
204 233 0.2
204 272 0.2
204 335 0.2
204 378 0.01
204 390 0.05
204 217 0.2
204 790 0.01
204 293 0.05
204 205 0.01
204 361 0.2
204 251 0.05
204 211 0.2
204 210 0.2
204 438 0.05
204 209 0.01
204 274 0.05
204 207 0.05
204 594 0.05
204 791 0.01
204 216 0.2
204 263 0.05
204 213 0.05
204 291 0.2
204 218 0.2
204 446 0.2
204 503 0.05
204 214 0.05
204 328 0.01
204 472 0.01
205 401 0.2
205 446 0.01
205 217 0.01
205 212 0.2
205 219 0.01
205 208 0.05
205 594 0.05
205 648 0.2
205 792 0.05
205 222 0.05
205 211 0.2
205 336 0.05
205 783 0.2
205 390 0.05
205 216 0.2
205 207 0.05
205 289 0.01
205 291 0.05
205 210 0.01
205 698 0.01
205 274 0.01
205 215 0.05
206 695 0.01
206 214 0.01
206 263 0.01
206 210 0.2
206 322 0.2
206 215 0.2
206 222 0.05
206 446 0.05
206 439 0.01
206 327 0.05
206 400 0.2
206 213 0.2
206 361 0.05
207 213 0.01
207 390 0.2
207 473 0.2
207 212 0.01
207 364 0.05
207 629 0.01
207 216 0.05
207 698 0.05
207 327 0.05
208 468 0.05
208 792 0.05
208 219 0.2
208 212 0.2
208 446 0.2
208 274 0.01
208 648 0.05
208 343 0.2
208 596 0.01
209 404 0.01
209 215 0.2
209 596 0.05
209 218 0.2
210 404 0.01
210 672 0.01
210 676 0.2
210 425 0.2
210 233 0.01
210 274 0.2
210 439 0.01
210 446 0.01
210 322 0.2
210 361 0.05
210 400 0.2
210 214 0.05
210 698 0.05
210 642 0.01
211 578 0.2
211 212 0.05
211 219 0.2
211 401 0.05
211 289 0.2
211 698 0.05
211 792 0.01
211 680 0.05
211 781 0.2
211 215 0.01
212 793 0.05
212 222 0.05
212 401 0.2
212 560 0.01
212 219 0.2
212 215 0.01
212 213 0.05
212 698 0.2
212 441 0.05
212 794 0.05
212 328 0.05
212 792 0.05
212 216 0.2
212 472 0.01
212 795 0.01
212 327 0.2
213 366 0.01
213 677 0.01
213 286 0.2
213 793 0.2
213 472 0.2
213 437 0.2
213 284 0.05
213 364 0.05
213 796 0.05
213 797 0.05
213 307 0.01
213 474 0.01
214 688 0.05
214 692 0.05
214 243 0.01
214 429 0.01
214 293 0.2
214 361 0.01
214 438 0.01
214 263 0.01
214 503 0.2
214 650 0.05
214 274 0.2
215 592 0.05
215 289 0.01
215 219 0.01
215 216 0.05
215 363 0.05
215 221 0.01
215 780 0.01
215 642 0.05
215 786 0.05
215 222 0.01
215 401 0.01
215 698 0.05
215 218 0.2
215 518 0.01
215 594 0.2
216 780 0.01
216 599 0.01
216 219 0.2
216 289 0.05
216 390 0.05
216 439 0.2
216 221 0.01
216 642 0.01
216 786 0.01
216 218 0.05
216 696 0.05
216 798 0.05
217 545 0.01
217 775 0.01
217 243 0.2
217 501 0.2
217 221 0.01
217 293 0.2
217 794 0.2
218 799 0.05
218 578 0.01
218 363 0.01
218 780 0.01
218 599 0.2
218 274 0.05
218 629 0.2
218 335 0.2
218 532 0.01
218 439 0.2
218 640 0.05
219 401 0.01
219 725 0.05
219 698 0.05
219 695 0.01
219 472 0.01
219 592 0.05
219 650 0.05
219 792 0.05
219 800 0.2
219 222 0.01
219 595 0.2
219 696 0.01
219 692 0.2
219 801 0.2
219 289 0.01
219 790 0.2
220 390 0.2
220 802 0.2
221 555 0.01
221 599 0.2
221 786 0.01
221 363 0.2
221 780 0.05
221 289 0.2
221 647 0.2
222 592 0.05
222 742 0.2
222 803 0.01
222 804 0.2
222 594 0.2
223 549 0.2
223 678 0.2
223 495 0.2
223 805 0.05
224 495 0.2
224 806 0.05
224 355 0.01
224 674 0.2
224 675 0.01
225 806 0.05
226 528 0.05
227 807 0.2
227 532 0.05
227 324 0.05
227 410 0.01
227 578 0.01
227 518 0.01
227 378 0.05
227 368 0.01
228 808 0.05
228 399 0.2
228 241 0.05
228 404 0.01
228 340 0.01
228 271 0.01
228 314 0.01
229 454 0.05
230 298 0.2
230 443 0.01
230 775 0.2
230 809 0.01
230 239 0.2
230 613 0.05
230 240 0.05
230 233 0.05
231 240 0.2
231 243 0.2
231 254 0.2
231 810 0.01
231 346 0.01
231 334 0.01
233 238 0.2
233 444 0.2
233 282 0.05
233 692 0.01
233 243 0.2
233 254 0.05
233 811 0.2
233 306 0.05
233 812 0.2
233 239 0.05
233 813 0.01
233 305 0.01
233 814 0.01
233 534 0.05
233 815 0.05
233 633 0.2
233 660 0.01
233 590 0.01
233 439 0.2
233 816 0.2
233 378 0.05
233 585 0.2
233 711 0.01
233 240 0.01
233 607 0.2
233 235 0.01
233 255 0.2
234 817 0.05
234 376 0.01
235 541 0.2
235 662 0.01
235 305 0.01
235 568 0.05
235 415 0.2
235 452 0.05
235 458 0.05
235 456 0.01
235 818 0.05
235 257 0.05
237 819 0.05
237 340 0.01
237 316 0.2
237 705 0.2
237 305 0.01
237 585 0.05
237 631 0.05
237 633 0.2
237 820 0.05
237 702 0.05
237 269 0.01
237 707 0.05
237 624 0.01
237 444 0.05
237 821 0.2
237 464 0.2
237 822 0.05
237 532 0.05
237 503 0.01
237 355 0.05
238 709 0.01
238 564 0.01
238 453 0.01
238 823 0.2
238 428 0.01
238 824 0.01
238 513 0.01
238 460 0.05
238 487 0.05
238 447 0.2
239 590 0.2
239 504 0.01
239 243 0.01
239 434 0.2
239 306 0.01
239 812 0.05
239 825 0.01
239 813 0.2
239 330 0.05
239 591 0.01
240 443 0.01
240 826 0.01
240 776 0.05
240 444 0.2
240 440 0.01
240 405 0.01
240 248 0.01
240 306 0.2
241 340 0.05
241 484 0.05
241 466 0.05
241 243 0.01
241 367 0.2
241 456 0.2
241 415 0.01
241 316 0.01
241 827 0.2
241 452 0.05
241 475 0.2
241 269 0.01
241 588 0.2
241 585 0.01
241 392 0.01
242 828 0.01
242 418 0.05
242 578 0.05
243 396 0.05
243 431 0.2
243 829 0.01
243 830 0.05
243 303 0.05
243 826 0.2
243 332 0.01
243 591 0.2
243 831 0.01
243 633 0.01
243 373 0.01
243 588 0.05
243 452 0.2
243 504 0.2
244 378 0.2
244 832 0.2
244 470 0.05
244 501 0.2
245 354 0.01
245 335 0.2
245 246 0.05
245 250 0.2
245 248 0.05
246 362 0.2
246 399 0.01
246 585 0.05
246 250 0.05
248 331 0.05
248 775 0.05
248 379 0.2
248 392 0.05
248 443 0.05
248 833 0.05
248 809 0.2
248 834 0.2
248 512 0.01
248 555 0.2
249 306 0.01
250 367 0.05
250 687 0.05
250 252 0.05
250 429 0.01
250 702 0.05
250 284 0.2
251 333 0.01
251 420 0.2
251 258 0.2
251 331 0.05
251 437 0.01
251 335 0.01
251 835 0.05
252 321 0.2
252 711 0.05
252 306 0.05
252 433 0.05
254 677 0.05
254 810 0.01
254 585 0.2
254 334 0.01
254 338 0.2
254 346 0.05
254 259 0.05
254 269 0.05
255 333 0.01
255 836 0.2
255 367 0.2
255 837 0.2
255 838 0.01
255 489 0.05
255 839 0.05
255 694 0.05
255 277 0.05
255 355 0.01
255 287 0.01
256 269 0.05
256 614 0.01
256 572 0.01
256 612 0.01
256 716 0.2
256 499 0.05
256 659 0.01
256 769 0.2
256 840 0.2
256 841 0.01
256 842 0.01
257 458 0.05
257 354 0.01
257 316 0.01
257 660 0.05
257 843 0.2
257 568 0.2
257 844 0.05
257 369 0.2
257 423 0.05
258 348 0.2
259 672 0.01
259 666 0.05
259 333 0.05
259 420 0.2
259 472 0.2
259 293 0.01
259 305 0.05
260 418 0.2
260 718 0.01
260 845 0.05
260 846 0.01
260 755 0.2
260 458 0.01
262 377 0.05
262 368 0.05
263 439 0.2
263 288 0.05
263 503 0.2
263 446 0.01
264 847 0.05
264 848 0.01
264 447 0.2
264 849 0.2
264 564 0.05
265 307 0.05
265 272 0.05
265 850 0.01
265 284 0.2
266 598 0.05
266 376 0.01
267 851 0.2
267 557 0.01
267 710 0.2
267 852 0.05
267 573 0.05
267 556 0.05
267 300 0.05
267 503 0.2
267 719 0.05
267 341 0.05
268 425 0.05
268 316 0.2
268 368 0.01
268 659 0.05
268 657 0.2
268 369 0.05
268 767 0.01
268 452 0.05
268 365 0.01
268 354 0.2
268 358 0.05
268 663 0.05
268 395 0.01
268 362 0.01
268 853 0.05
268 415 0.05
268 568 0.01
268 340 0.01
269 711 0.01
269 702 0.2
269 854 0.01
269 855 0.05
269 614 0.2
269 701 0.05
269 588 0.01
270 585 0.05
270 815 0.2
270 351 0.05
270 856 0.05
270 620 0.01
270 857 0.01
270 829 0.2
270 399 0.2
270 378 0.01
270 816 0.01
270 632 0.01
270 858 0.01
271 859 0.05
271 860 0.01
271 861 0.01
271 392 0.05
271 333 0.05
271 750 0.05
271 404 0.01
271 434 0.05
271 356 0.01
271 355 0.05
271 372 0.05
271 314 0.2
271 398 0.2
271 836 0.01
273 501 0.01
273 862 0.2
273 689 0.05
273 355 0.2
274 470 0.2
274 594 0.01
274 446 0.05
274 695 0.2
274 437 0.2
274 390 0.05
274 593 0.2
274 327 0.2
274 863 0.05
274 439 0.01
274 382 0.2
275 415 0.05
275 864 0.01
275 451 0.05
275 378 0.2
275 279 0.01
275 458 0.2
275 353 0.05
276 756 0.2
276 859 0.01
276 388 0.05
276 865 0.2
276 413 0.05
276 591 0.2
276 393 0.05
276 458 0.01
276 299 0.05
276 866 0.2
276 333 0.05
276 414 0.01
277 694 0.01
277 323 0.01
277 867 0.2
278 847 0.01
278 824 0.2
278 868 0.01
278 554 0.05
278 564 0.2
278 869 0.01
278 870 0.05
278 871 0.05
278 848 0.01
279 872 0.01
279 568 0.05
279 415 0.01
279 654 0.05
279 598 0.01
279 417 0.2
279 372 0.2
279 451 0.2
280 372 0.01
280 392 0.05
280 532 0.01
280 671 0.05
280 694 0.01
281 339 0.01
282 485 0.05
282 510 0.05
282 430 0.05
282 426 0.2
282 427 0.05
282 444 0.05
283 495 0.2
283 355 0.01
284 729 0.01
284 591 0.2
284 686 0.2
284 725 0.05
284 434 0.05
284 542 0.05
284 393 0.05
284 543 0.2
284 429 0.01
284 329 0.01
284 420 0.2
285 540 0.05
285 485 0.01
285 506 0.01
285 500 0.01
285 508 0.01
286 289 0.01
287 873 0.01
287 565 0.01
287 346 0.05
287 874 0.2
287 295 0.05
287 875 0.2
287 367 0.2
287 876 0.05
287 877 0.01
287 878 0.01
287 879 0.2
287 489 0.01
287 839 0.01
289 584 0.2
289 401 0.01
289 780 0.2
289 781 0.05
289 786 0.05
289 327 0.05
290 671 0.01
290 355 0.2
290 693 0.2
290 880 0.01
290 837 0.05
290 694 0.01
290 838 0.01
290 495 0.01
290 668 0.01
291 446 0.2
291 592 0.01
291 336 0.2
291 322 0.01
291 725 0.2
291 547 0.2
293 414 0.05
293 783 0.05
295 495 0.2
295 875 0.05
296 308 0.05
296 881 0.01
297 882 0.2
297 699 0.05
297 441 0.05
297 584 0.2
297 877 0.05
298 429 0.01
298 590 0.05
298 443 0.05
298 883 0.01
298 884 0.2
299 756 0.2
299 726 0.01
299 431 0.05
299 542 0.05
299 398 0.01
299 730 0.2
299 332 0.01
299 393 0.2
299 396 0.01
299 590 0.05
299 552 0.2
299 885 0.2
299 886 0.05
299 410 0.01
299 788 0.2
299 434 0.05
299 571 0.01
299 887 0.05
299 888 0.05
299 389 0.05
299 884 0.01
299 729 0.2
299 725 0.05
299 316 0.2
299 429 0.05
299 386 0.2
299 409 0.2
299 333 0.05
299 504 0.05
300 573 0.2
300 392 0.01
300 545 0.01
300 371 0.01
300 688 0.01
300 414 0.2
301 482 0.01
301 849 0.05
301 847 0.01
301 331 0.2
302 811 0.01
303 380 0.01
303 341 0.2
303 468 0.01
303 382 0.01
303 889 0.01
303 384 0.05
303 385 0.2
303 387 0.2
303 890 0.01
303 891 0.2
303 322 0.05
303 892 0.2
303 893 0.01
303 393 0.05
303 894 0.01
303 895 0.05
303 383 0.2
303 381 0.01
303 386 0.05
303 896 0.2
303 439 0.01
304 897 0.2
304 329 0.2
305 308 0.01
305 676 0.01
305 330 0.01
305 729 0.05
305 393 0.2
305 520 0.05
305 307 0.05
305 438 0.05
306 311 0.01
306 687 0.05
306 898 0.01
306 899 0.2
306 900 0.2
306 749 0.01
307 901 0.05
307 438 0.05
307 435 0.01
308 761 0.01
308 339 0.01
308 658 0.05
308 378 0.2
308 456 0.05
308 844 0.05
308 817 0.05
308 358 0.01
308 534 0.2
308 458 0.05
308 425 0.05
308 541 0.01
308 881 0.01
308 551 0.05
308 452 0.2
309 413 0.01
309 479 0.2
310 902 0.01
310 311 0.2
310 903 0.2
310 312 0.05
311 312 0.01
311 329 0.2
311 314 0.01
311 899 0.2
312 904 0.05
312 905 0.05
312 906 0.01
312 555 0.05
312 907 0.2
312 860 0.2
312 908 0.01
312 329 0.05
313 795 0.05
313 315 0.05
313 404 0.2
313 397 0.2
313 712 0.05
313 909 0.05
313 910 0.2
313 457 0.05
313 911 0.05
313 350 0.05
313 711 0.2
313 378 0.01
313 765 0.05
313 718 0.05
314 458 0.05
314 902 0.05
314 912 0.2
314 527 0.2
314 523 0.2
314 466 0.01
314 558 0.05
314 438 0.01
315 795 0.05
315 457 0.05
315 611 0.05
315 348 0.2
315 396 0.05
315 712 0.2
315 468 0.05
316 368 0.01
316 339 0.2
316 354 0.05
316 913 0.05
316 349 0.05
316 827 0.2
316 415 0.01
316 495 0.01
316 532 0.05
316 914 0.01
316 515 0.01
316 378 0.2
316 562 0.2
316 409 0.01
316 358 0.01
316 707 0.01
316 662 0.2
317 599 0.05
317 780 0.01
317 322 0.2
317 321 0.01
319 915 0.2
320 697 0.2
320 323 0.2
320 326 0.2
320 517 0.2
320 321 0.2
321 916 0.05
321 692 0.01
321 429 0.05
321 363 0.2
321 697 0.01
321 324 0.01
321 322 0.05
321 442 0.2
321 323 0.01
321 325 0.05
321 435 0.2
322 568 0.01
322 442 0.2
322 917 0.01
322 400 0.2
322 446 0.05
322 438 0.2
322 915 0.01
322 390 0.2
322 325 0.05
322 439 0.2
322 336 0.01
323 697 0.01
323 640 0.2
323 326 0.01
324 372 0.2
324 666 0.2
324 325 0.2
325 328 0.2
325 363 0.05
326 918 0.2
326 629 0.01
326 681 0.05
327 592 0.05
327 578 0.05
327 584 0.05
327 390 0.05
327 629 0.01
327 401 0.05
327 595 0.2
327 780 0.2
328 363 0.2
329 333 0.05
329 581 0.05
329 673 0.01
329 420 0.01
329 415 0.01
329 433 0.01
329 331 0.2
329 543 0.01
329 335 0.01
329 355 0.01
329 542 0.2
329 384 0.01
329 332 0.01
330 375 0.05
330 881 0.2
330 378 0.2
330 585 0.01
330 919 0.01
330 711 0.05
331 333 0.01
331 420 0.2
331 339 0.05
331 564 0.2
331 336 0.01
331 433 0.01
331 423 0.05
331 543 0.2
331 775 0.05
331 384 0.2
331 827 0.2
332 412 0.01
332 431 0.01
332 393 0.05
332 591 0.05
332 407 0.05
332 504 0.2
332 383 0.01
332 730 0.05
332 386 0.01
332 396 0.01
332 724 0.2
332 389 0.2
332 920 0.01
332 434 0.01
332 543 0.05
332 905 0.2
332 381 0.2
332 895 0.2
332 893 0.01
333 336 0.01
333 532 0.05
333 543 0.2
333 545 0.01
333 420 0.05
333 372 0.05
333 658 0.01
333 574 0.01
333 861 0.01
333 921 0.05
333 434 0.01
333 390 0.05
333 558 0.2
333 870 0.05
333 641 0.01
333 335 0.2
333 922 0.01
333 337 0.05
333 364 0.2
333 470 0.2
333 564 0.2
333 381 0.2
333 513 0.05
333 384 0.05
333 466 0.05
333 743 0.05
333 457 0.2
333 410 0.05
333 489 0.05
334 923 0.05
334 354 0.2
334 368 0.01
334 810 0.01
334 612 0.01
334 924 0.2
334 608 0.2
334 457 0.05
334 376 0.05
334 925 0.05
334 634 0.01
335 543 0.01
335 420 0.01
335 650 0.01
335 532 0.05
335 926 0.2
336 908 0.01
336 620 0.01
336 469 0.05
337 927 0.2
337 383 0.01
337 433 0.01
337 409 0.2
337 356 0.01
337 468 0.2
337 778 0.05
337 503 0.05
338 354 0.05
338 603 0.2
338 638 0.05
338 587 0.05
338 661 0.01
338 429 0.05
339 928 0.2
339 554 0.2
339 340 0.01
339 354 0.01
339 761 0.01
339 929 0.05
339 930 0.2
339 344 0.05
339 565 0.01
339 931 0.01
339 545 0.05
339 932 0.05
339 368 0.2
339 484 0.05
339 576 0.01
339 933 0.2
340 934 0.01
340 354 0.05
340 658 0.01
340 935 0.01
340 362 0.2
340 365 0.2
340 846 0.05
340 761 0.01
341 384 0.2
341 936 0.05
341 889 0.2
341 896 0.2
341 891 0.05
341 892 0.2
341 736 0.2
341 385 0.05
341 393 0.05
341 937 0.05
341 416 0.2
341 357 0.2
341 573 0.2
341 908 0.2
341 380 0.2
341 890 0.2
341 571 0.05
341 938 0.01
341 364 0.01
341 578 0.2
341 382 0.01
341 884 0.2
341 413 0.2
341 512 0.2
341 389 0.05
341 371 0.2
342 881 0.2
343 446 0.2
343 400 0.01
343 698 0.05
344 677 0.2
344 489 0.2
344 568 0.2
344 660 0.2
344 541 0.05
344 939 0.2
344 564 0.05
344 466 0.01
344 415 0.01
344 549 0.2
345 350 0.01
346 418 0.2
346 399 0.2
346 551 0.05
346 368 0.05
346 375 0.01
347 590 0.2
347 940 0.05
347 941 0.01
347 942 0.01
347 356 0.2
347 943 0.01
347 743 0.2
347 944 0.01
347 746 0.2
347 945 0.2
347 946 0.2
347 748 0.01
348 445 0.05
348 611 0.2
348 585 0.01
349 947 0.2
349 523 0.01
349 362 0.05
350 948 0.05
350 711 0.01
350 949 0.2
350 366 0.01
351 632 0.05
351 727 0.2
351 705 0.2
351 368 0.2
351 687 0.05
351 829 0.2
351 554 0.2
351 870 0.05
351 844 0.01
352 660 0.05
352 588 0.2
352 950 0.01
352 467 0.05
352 562 0.2
352 455 0.05
352 769 0.01
352 656 0.05
352 951 0.05
352 654 0.05
352 952 0.01
352 953 0.05
353 538 0.01
353 568 0.01
353 501 0.2
353 954 0.05
353 578 0.05
353 392 0.01
353 841 0.01
354 356 0.2
354 415 0.05
354 368 0.2
354 930 0.01
354 399 0.05
354 573 0.2
354 859 0.01
354 767 0.05
354 371 0.05
354 505 0.01
354 365 0.05
354 720 0.01
354 358 0.01
354 955 0.2
355 357 0.05
355 356 0.2
355 956 0.01
355 666 0.05
355 957 0.2
355 958 0.2
355 501 0.2
355 392 0.01
355 468 0.05
355 402 0.2
355 489 0.01
355 495 0.05
355 694 0.2
355 693 0.05
355 367 0.05
355 416 0.2
355 532 0.05
355 691 0.01
355 959 0.01
355 838 0.01
355 668 0.01
355 671 0.2
355 874 0.01
356 591 0.05
356 543 0.2
356 407 0.01
356 725 0.2
356 389 0.2
356 590 0.01
356 945 0.2
356 724 0.01
356 744 0.2
356 399 0.01
356 586 0.05
356 946 0.01
356 960 0.05
356 747 0.01
356 961 0.01
356 745 0.01
356 468 0.05
356 392 0.2
356 410 0.01
356 905 0.2
356 470 0.2
356 750 0.05
356 552 0.01
356 414 0.2
357 889 0.05
357 383 0.2
357 416 0.05
357 891 0.05
357 896 0.01
358 452 0.2
358 369 0.05
358 921 0.05
358 378 0.01
358 750 0.2
358 515 0.05
358 769 0.2
358 707 0.05
358 962 0.2
358 425 0.01
358 548 0.01
359 521 0.2
359 711 0.2
359 765 0.01
360 472 0.01
360 361 0.01
361 796 0.01
361 400 0.01
361 436 0.05
362 466 0.2
362 963 0.2
362 523 0.01
362 432 0.2
362 544 0.01
363 786 0.05
363 441 0.05
364 472 0.05
365 767 0.05
365 954 0.01
365 369 0.05
365 962 0.05
367 688 0.05
367 687 0.01
367 672 0.2
367 767 0.2
367 468 0.01
367 470 0.05
367 675 0.01
367 964 0.2
367 495 0.2
367 965 0.05
367 532 0.2
367 838 0.01
367 489 0.2
367 966 0.01
367 693 0.01
367 879 0.2
368 369 0.01
368 962 0.05
368 392 0.05
368 864 0.01
368 660 0.01
368 372 0.05
368 953 0.2
368 415 0.2
368 929 0.05
369 954 0.2
369 452 0.05
369 579 0.01
370 395 0.01
370 872 0.01
370 609 0.2
370 417 0.05
371 416 0.01
371 503 0.05
371 736 0.05
372 538 0.05
372 378 0.01
372 467 0.05
372 730 0.2
373 704 0.05
373 429 0.2
375 391 0.05
376 454 0.2
376 612 0.2
376 417 0.01
376 608 0.05
376 967 0.2
376 634 0.2
376 968 0.2
376 610 0.2
376 734 0.2
376 969 0.2
376 397 0.2
376 970 0.2
376 421 0.01
376 630 0.05
376 403 0.01
376 971 0.05
376 606 0.05
376 457 0.2
376 872 0.2
376 429 0.01
376 378 0.05
377 972 0.2
377 585 0.01
377 445 0.2
377 429 0.2
377 882 0.05
377 973 0.2
378 753 0.01
378 454 0.01
378 661 0.01
378 391 0.2
378 585 0.01
378 648 0.01
378 413 0.2
378 588 0.01
378 974 0.05
378 390 0.2
378 975 0.2
378 713 0.05
378 389 0.2
378 467 0.05
378 750 0.05
378 662 0.01
379 833 0.01
379 809 0.01
379 659 0.2
380 385 0.01
380 784 0.05
380 381 0.2
380 382 0.01
380 976 0.05
380 387 0.2
381 393 0.05
381 504 0.2
381 384 0.01
381 387 0.2
381 383 0.05
381 382 0.05
381 385 0.01
381 890 0.01
381 591 0.01
381 730 0.2
381 386 0.01
381 784 0.2
381 413 0.05
381 552 0.01
381 892 0.01
382 387 0.01
382 784 0.05
382 936 0.01
382 384 0.01
382 385 0.2
382 383 0.05
382 386 0.2
382 977 0.05
382 890 0.05
382 578 0.2
382 593 0.01
383 384 0.05
383 386 0.05
383 387 0.05
383 504 0.2
383 884 0.01
384 892 0.01
384 385 0.05
384 386 0.05
384 393 0.05
384 938 0.2
384 387 0.05
384 784 0.01
384 409 0.01
384 896 0.05
384 543 0.2
384 407 0.2
384 796 0.05
384 578 0.05
384 891 0.01
385 890 0.01
385 726 0.01
385 386 0.2
385 784 0.05
385 393 0.05
385 387 0.01
385 896 0.01
386 730 0.01
386 504 0.01
386 387 0.05
387 938 0.2
387 591 0.05
388 404 0.05
388 859 0.01
388 890 0.2
388 958 0.05
388 833 0.05
388 591 0.01
388 396 0.2
389 726 0.2
389 434 0.01
389 410 0.05
389 809 0.2
389 884 0.05
389 413 0.01
389 633 0.01
389 788 0.05
389 431 0.2
389 729 0.05
389 396 0.01
389 724 0.2
389 978 0.2
389 885 0.2
389 542 0.2
389 886 0.05
389 756 0.01
389 552 0.01
389 571 0.05
389 887 0.01
389 888 0.05
390 725 0.2
390 802 0.2
390 446 0.05
390 786 0.05
390 584 0.01
390 781 0.05
391 752 0.2
391 657 0.2
391 458 0.01
391 418 0.05
391 979 0.2
391 835 0.01
391 840 0.2
392 980 0.05
392 538 0.05
392 902 0.05
392 953 0.05
392 846 0.2
393 504 0.05
393 892 0.2
393 730 0.05
393 895 0.2
393 893 0.05
393 981 0.2
393 920 0.01
393 894 0.2
393 976 0.2
393 982 0.2
393 983 0.01
393 439 0.05
393 443 0.05
395 661 0.05
395 753 0.01
395 752 0.2
395 767 0.2
395 984 0.01
395 846 0.01
396 745 0.2
396 944 0.2
396 412 0.2
396 743 0.01
396 434 0.2
396 756 0.2
396 504 0.05
396 552 0.2
396 410 0.01
396 985 0.2
396 986 0.01
396 958 0.01
396 890 0.01
396 571 0.2
396 724 0.01
396 466 0.2
396 943 0.05
396 747 0.2
396 542 0.01
396 748 0.01
396 892 0.2
397 457 0.2
397 421 0.01
397 468 0.01
398 976 0.2
398 756 0.05
398 942 0.01
398 958 0.01
399 840 0.2
399 960 0.2
399 572 0.01
399 701 0.05
400 574 0.2
400 581 0.2
401 987 0.01
401 699 0.05
401 584 0.01
401 436 0.01
401 698 0.01
401 802 0.01
401 441 0.05
401 798 0.01
402 988 0.05
402 657 0.05
402 434 0.05
402 905 0.2
402 989 0.2
403 578 0.01
403 697 0.2
403 545 0.05
403 968 0.2
403 468 0.01
404 573 0.2
404 434 0.05
404 677 0.2
404 990 0.2
405 429 0.2
406 731 0.05
406 407 0.2
406 408 0.01
407 408 0.01
407 411 0.2
407 991 0.05
407 410 0.01
407 775 0.05
407 552 0.05
407 730 0.2
407 992 0.05
408 904 0.2
408 731 0.2
408 409 0.2
408 908 0.01
408 646 0.2
408 775 0.2
408 725 0.05
409 892 0.01
409 431 0.01
409 591 0.2
409 705 0.2
409 726 0.01
409 410 0.2
409 411 0.2
409 434 0.01
409 729 0.05
409 859 0.01
410 726 0.05
410 892 0.2
410 993 0.01
410 434 0.05
410 413 0.2
410 788 0.2
410 543 0.01
410 411 0.01
410 542 0.01
410 937 0.2
410 431 0.01
411 540 0.05
411 552 0.01
411 773 0.05
412 590 0.01
412 943 0.01
412 743 0.01
412 745 0.05
412 552 0.05
412 413 0.05
412 726 0.05
412 724 0.05
413 983 0.2
413 884 0.05
413 590 0.2
413 724 0.05
413 552 0.05
414 749 0.01
414 434 0.01
415 914 0.05
415 827 0.01
415 652 0.01
415 662 0.05
415 549 0.05
415 452 0.05
415 507 0.05
415 538 0.01
415 535 0.2
415 705 0.01
415 568 0.01
416 851 0.01
416 573 0.01
417 872 0.2
417 750 0.05
417 457 0.05
417 612 0.01
418 994 0.01
418 484 0.2
418 605 0.01
418 995 0.05
418 523 0.2
418 755 0.05
419 848 0.01
419 486 0.05
419 808 0.01
419 564 0.01
419 513 0.2
419 460 0.01
420 543 0.2
420 574 0.01
420 775 0.2
421 609 0.2
422 824 0.2
422 957 0.01
422 996 0.2
422 554 0.05
422 564 0.05
422 447 0.2
423 997 0.05
423 660 0.01
425 659 0.01
425 840 0.05
425 929 0.01
425 430 0.2
425 817 0.05
427 508 0.01
427 507 0.2
427 998 0.05
427 509 0.05
427 908 0.01
427 476 0.05
427 864 0.2
427 999 0.05
427 500 0.01
427 868 0.2
427 1000 0.05
427 517 0.2
429 454 0.2
429 898 0.05
429 884 0.2
429 1001 0.2
429 554 0.05
429 460 0.05
429 919 0.05
429 543 0.05
429 817 0.01
429 775 0.05
429 520 0.05
429 546 0.05
429 632 0.2
429 1002 0.05
430 497 0.01
430 500 0.01
430 499 0.2
430 485 0.05
430 510 0.05
431 756 0.2
431 904 0.01
431 892 0.05
431 1003 0.05
432 932 0.2
432 963 0.01
432 907 0.01
432 1004 0.01
432 1005 0.2
432 860 0.05
432 610 0.05
432 822 0.2
433 687 0.05
433 543 0.01
433 927 0.2
433 802 0.05
434 886 0.01
434 571 0.2
434 887 0.2
434 788 0.2
434 726 0.01
434 542 0.2
434 993 0.2
434 885 0.2
434 552 0.01
434 756 0.05
434 888 0.2
434 884 0.01
434 729 0.05
434 748 0.05
434 636 0.01
434 540 0.01
434 724 0.2
434 468 0.2
434 687 0.01
434 504 0.05
435 691 0.05
437 439 0.05
438 729 0.2
438 501 0.2
438 725 0.2
438 552 0.2
439 1006 0.05
439 650 0.01
440 444 0.01
440 640 0.01
441 882 0.01
441 699 0.2
441 698 0.2
441 517 0.01
441 806 0.01
441 584 0.2
443 809 0.05
443 775 0.2
443 834 0.01
443 749 0.01
443 444 0.05
443 504 0.05
443 539 0.2
445 586 0.01
445 451 0.05
445 588 0.01
445 461 0.2
445 448 0.05
445 568 0.2
446 468 0.2
446 695 0.05
446 915 0.05
446 594 0.01
446 641 0.2
447 824 0.01
447 484 0.2
447 564 0.05
447 996 0.2
447 482 0.05
447 1007 0.01
447 477 0.05
447 475 0.2
447 816 0.01
449 456 0.01
450 459 0.01
450 731 0.05
451 507 0.05
451 772 0.2
451 500 0.01
451 950 0.01
451 1008 0.2
451 662 0.2
451 538 0.01
451 836 0.01
452 688 0.05
452 657 0.01
452 654 0.01
452 1009 0.05
452 455 0.01
452 1010 0.05
452 515 0.01
452 1011 0.2
452 914 0.2
452 652 0.01
452 656 0.2
452 663 0.05
452 588 0.01
452 662 0.2
452 456 0.01
453 484 0.2
453 564 0.2
453 687 0.01
454 623 0.05
454 821 0.05
454 1012 0.2
454 624 0.2
454 625 0.01
454 603 0.2
454 1013 0.05
454 622 0.01
454 621 0.01
454 1014 0.01
454 604 0.01
454 704 0.01
454 464 0.01
454 598 0.01
454 708 0.2
454 578 0.01
455 588 0.05
455 654 0.01
455 515 0.05
455 660 0.01
456 1009 0.01
456 817 0.01
456 761 0.2
457 923 0.01
457 468 0.2
458 1015 0.2
458 1001 0.01
458 1016 0.01
458 603 0.05
458 707 0.05
458 548 0.01
458 632 0.05
458 840 0.2
459 1017 0.05
459 700 0.01
459 1018 0.05
459 980 0.01
459 1019 0.05
459 701 0.2
459 840 0.2
459 842 0.01
460 757 0.05
460 533 0.05
460 564 0.2
460 554 0.05
460 1020 0.2
460 995 0.2
460 471 0.2
460 513 0.2
460 484 0.05
460 1021 0.05
460 486 0.2
460 848 0.05
460 1022 0.01
460 922 0.01
460 1023 0.2
460 477 0.2
460 1024 0.01
460 1025 0.01
460 487 0.01
460 1026 0.05
460 1027 0.2
460 1002 0.05
461 632 0.01
462 990 0.05
462 1009 0.01
462 1028 0.05
462 818 0.05
464 821 0.05
464 624 0.2
464 774 0.2
464 626 0.01
464 603 0.01
464 1029 0.05
464 625 0.2
464 1013 0.01
465 602 0.2
465 545 0.2
466 765 0.2
466 711 0.01
466 549 0.05
466 523 0.01
466 638 0.01
466 1030 0.05
466 1031 0.2
467 660 0.01
467 588 0.2
467 770 0.01
467 769 0.2
467 654 0.2
467 952 0.05
467 819 0.01
467 468 0.01
467 549 0.05
467 470 0.2
467 1010 0.01
468 1032 0.01
468 932 0.2
468 649 0.01
468 1033 0.2
468 912 0.2
468 489 0.05
468 836 0.01
468 558 0.2
468 965 0.05
468 573 0.2
468 552 0.05
470 500 0.2
470 810 0.01
470 501 0.01
470 521 0.01
470 836 0.01
471 513 0.05
471 757 0.2
471 808 0.2
471 848 0.01
471 1034 0.05
471 545 0.05
472 696 0.01
475 709 0.2
475 1020 0.01
475 1035 0.05
475 1007 0.05
475 849 0.01
475 554 0.2
475 483 0.05
476 870 0.01
476 480 0.05
476 485 0.2
476 508 0.01
476 757 0.01
477 996 0.2
477 483 0.05
477 933 0.01
477 1020 0.2
477 995 0.2
477 1036 0.2
477 486 0.2
478 564 0.05
479 480 0.2
479 1037 0.01
479 957 0.01
479 554 0.2
479 481 0.01
479 849 0.01
479 564 0.05
480 1037 0.01
480 957 0.2
480 483 0.2
480 811 0.2
480 996 0.01
480 875 0.2
480 675 0.01
481 709 0.05
481 1038 0.05
481 487 0.01
481 663 0.05
481 706 0.05
481 691 0.05
481 564 0.05
481 847 0.01
481 1039 0.2
481 554 0.01
482 868 0.05
482 849 0.2
482 995 0.01
483 1040 0.01
483 487 0.05
483 491 0.2
483 522 0.01
483 1041 0.05
483 497 0.01
483 607 0.01
483 709 0.2
483 484 0.01
483 1042 0.01
483 1008 0.01
483 564 0.01
483 499 0.01
483 1035 0.01
483 1043 0.05
483 1022 0.01
483 486 0.2
483 995 0.01
483 869 0.2
484 486 0.01
484 709 0.05
484 564 0.05
484 995 0.01
484 549 0.01
484 870 0.2
484 871 0.01
484 1024 0.01
485 510 0.05
485 605 0.2
485 508 0.2
486 565 0.01
486 757 0.01
486 922 0.01
486 1020 0.2
486 995 0.2
486 513 0.05
486 848 0.05
486 1023 0.2
486 1036 0.2
487 564 0.01
487 757 0.2
487 1026 0.2
487 1044 0.2
487 1045 0.2
489 495 0.05
489 874 0.01
489 694 0.2
489 675 0.2
489 689 0.05
489 878 0.05
489 1046 0.2
490 491 0.05
491 497 0.05
491 607 0.05
491 522 0.05
491 1041 0.05
491 632 0.05
491 517 0.01
495 806 0.05
495 874 0.05
495 689 0.01
495 1047 0.05
495 875 0.2
495 668 0.05
495 878 0.2
495 694 0.05
496 979 0.01
497 607 0.01
497 1041 0.01
498 1048 0.2
498 764 0.2
498 700 0.01
498 979 0.05
498 499 0.2
499 1001 0.2
499 1049 0.05
499 701 0.01
500 607 0.05
500 539 0.05
500 506 0.01
500 537 0.2
500 507 0.01
500 562 0.05
500 730 0.05
500 508 0.2
501 660 0.05
501 643 0.05
501 638 0.05
501 821 0.01
501 549 0.2
501 818 0.01
503 505 0.05
503 573 0.2
503 651 0.05
504 1050 0.2
504 730 0.01
504 893 0.2
504 892 0.2
504 981 0.01
504 920 0.2
504 724 0.05
504 726 0.01
504 895 0.2
504 833 0.01
504 549 0.05
504 552 0.05
505 736 0.01
505 573 0.01
505 741 0.2
506 525 0.01
506 509 0.01
507 509 0.05
507 890 0.05
507 607 0.05
507 562 0.01
507 540 0.2
507 517 0.2
507 999 0.2
507 942 0.2
508 511 0.05
508 755 0.05
508 607 0.2
508 718 0.2
508 509 0.01
509 521 0.05
509 1050 0.2
509 712 0.2
512 698 0.05
512 908 0.05
512 904 0.05
512 1051 0.05
512 889 0.05
512 775 0.01
512 809 0.05
512 834 0.05
512 896 0.05
512 833 0.01
512 992 0.2
513 848 0.01
513 808 0.2
513 757 0.2
513 1034 0.2
513 564 0.2
514 1052 0.05
515 771 0.2
518 592 0.2
518 594 0.05
518 600 0.01
518 601 0.01
518 599 0.05
518 532 0.2
518 836 0.01
521 765 0.05
521 711 0.01
521 578 0.05
521 1016 0.2
521 529 0.05
522 607 0.01
523 822 0.05
523 1053 0.2
523 765 0.01
523 528 0.01
523 570 0.05
523 546 0.05
524 578 0.2
527 902 0.05
527 529 0.05
527 558 0.2
527 912 0.01
527 1054 0.01
528 765 0.01
528 822 0.05
528 549 0.05
529 558 0.01
529 903 0.01
530 950 0.01
531 881 0.01
532 705 0.01
532 687 0.2
532 1055 0.05
532 831 0.2
532 680 0.05
532 654 0.2
533 757 0.01
533 612 0.01
535 1056 0.2
538 950 0.2
538 1057 0.01
541 549 0.05
541 1009 0.01
542 756 0.2
542 725 0.05
542 726 0.05
542 552 0.2
542 729 0.2
542 888 0.01
542 833 0.01
542 886 0.05
543 558 0.2
543 617 0.2
543 581 0.01
543 721 0.05
543 687 0.2
543 1034 0.05
543 709 0.01
545 581 0.05
545 709 0.01
545 721 0.01
545 641 0.2
546 1053 0.05
546 1058 0.01
546 569 0.2
549 831 0.01
549 568 0.2
549 564 0.2
549 660 0.2
549 1059 0.2
549 551 0.01
549 765 0.01
549 816 0.01
551 765 0.2
552 726 0.2
552 885 0.2
552 886 0.05
552 756 0.05
552 788 0.01
552 571 0.2
552 887 0.2
552 888 0.2
552 729 0.05
552 725 0.05
552 730 0.01
552 590 0.01
552 884 0.01
553 568 0.01
553 1060 0.05
553 663 0.01
553 1061 0.01
553 853 0.05
554 869 0.01
554 928 0.05
554 849 0.2
554 1062 0.01
554 1007 0.05
554 565 0.05
554 709 0.05
554 824 0.2
554 868 0.01
554 564 0.01
555 860 0.2
555 833 0.01
555 687 0.01
555 1063 0.01
555 1009 0.05
555 775 0.2
555 592 0.05
555 834 0.01
556 573 0.2
557 573 0.01
557 721 0.2
557 720 0.01
558 912 0.01
558 903 0.2
558 1054 0.2
558 902 0.01
559 741 0.01
560 1064 0.01
561 912 0.01
561 902 0.2
561 1054 0.01
561 1065 0.2
561 860 0.2
561 1066 0.05
562 588 0.01
562 654 0.01
562 660 0.2
562 568 0.2
562 769 0.05
562 677 0.2
562 578 0.05
564 996 0.05
564 869 0.01
564 995 0.01
564 762 0.05
564 868 0.01
564 824 0.01
564 849 0.01
564 578 0.05
564 848 0.2
564 709 0.2
564 957 0.2
564 808 0.01
564 660 0.05
564 1026 0.05
565 816 0.05
565 824 0.05
565 1038 0.2
566 567 0.01
566 882 0.2
568 656 0.05
568 598 0.01
568 1061 0.01
568 660 0.05
568 954 0.05
569 669 0.2
571 595 0.2
571 888 0.05
571 885 0.2
571 886 0.05
571 788 0.05
571 756 0.01
571 887 0.01
571 726 0.01
572 612 0.05
572 960 0.05
572 980 0.05
572 659 0.05
573 710 0.05
573 851 0.01
578 1067 0.05
578 1068 0.2
578 611 0.2
578 1069 0.2
578 671 0.01
578 656 0.05
578 1070 0.05
578 603 0.01
578 604 0.2
578 659 0.2
578 1071 0.05
578 811 0.05
578 866 0.2
578 891 0.2
578 715 0.01
579 844 0.2
581 686 0.01
582 757 0.01
584 806 0.01
584 780 0.2
584 699 0.2
585 663 0.2
585 677 0.05
585 706 0.2
585 691 0.05
585 983 0.05
585 700 0.01
586 883 0.05
586 638 0.2
587 1031 0.2
587 1072 0.2
588 952 0.05
588 654 0.05
588 953 0.05
588 770 0.01
588 769 0.01
588 656 0.05
588 660 0.01
588 951 0.2
588 655 0.05
588 819 0.05
588 772 0.2
588 1073 0.2
588 954 0.01
588 687 0.2
589 662 0.01
590 940 0.05
590 743 0.01
590 747 0.05
590 945 0.05
590 744 0.01
590 961 0.01
590 946 0.2
590 748 0.2
590 724 0.01
590 591 0.01
590 756 0.2
590 730 0.01
591 724 0.01
591 945 0.2
591 726 0.01
591 744 0.05
591 725 0.2
591 743 0.05
591 746 0.01
592 1074 0.2
592 595 0.2
592 650 0.01
592 594 0.2
592 895 0.05
592 725 0.01
593 1075 0.2
593 745 0.05
593 1076 0.2
593 695 0.05
594 600 0.01
594 648 0.01
594 599 0.2
594 601 0.2
594 695 0.2
595 725 0.05
596 742 0.2
596 786 0.01
597 598 0.2
598 708 0.01
598 1032 0.01
598 715 0.01
598 925 0.01
598 621 0.01
598 1077 0.01
598 654 0.2
598 1062 0.05
598 623 0.05
598 741 0.01
598 953 0.05
598 603 0.01
599 786 0.01
599 601 0.2
599 780 0.2
600 742 0.05
600 725 0.05
600 965 0.2
601 1046 0.05
602 623 0.2
602 622 0.01
603 621 0.01
603 855 0.2
603 741 0.05
603 630 0.05
604 621 0.2
606 872 0.2
607 1041 0.05
608 924 0.05
608 634 0.01
608 985 0.05
609 872 0.05
610 822 0.05
610 1078 0.01
610 967 0.2
610 612 0.01
610 1079 0.05
611 1001 0.2
611 614 0.01
612 968 0.05
612 1080 0.2
612 1081 0.01
612 985 0.05
612 923 0.05
612 1082 0.05
612 1083 0.2
612 1084 0.05
613 1019 0.05
614 854 0.05
614 700 0.2
617 1085 0.2
621 737 0.01
622 623 0.05
622 1013 0.2
624 821 0.2
625 677 0.2
627 636 0.01
629 683 0.2
629 640 0.2
630 872 0.01
633 730 0.05
633 859 0.2
634 985 0.01
634 924 0.01
634 872 0.2
634 969 0.01
634 1078 0.2
636 737 0.2
636 1014 0.2
638 677 0.05
641 643 0.01
641 642 0.01
641 646 0.2
641 645 0.01
642 643 0.2
643 645 0.2
647 787 0.05
647 783 0.05
647 786 0.2
648 792 0.2
648 695 0.2
649 660 0.05
649 773 0.05
649 783 0.05
650 775 0.05
650 696 0.05
650 698 0.05
651 1086 0.05
653 853 0.05
654 660 0.2
654 770 0.05
654 769 0.2
654 656 0.01
654 772 0.01
656 769 0.01
656 953 0.2
657 825 0.01
657 979 0.05
657 846 0.01
657 661 0.05
657 752 0.05
658 935 0.2
658 1087 0.05
658 1088 0.2
658 987 0.01
658 1089 0.01
659 853 0.2
660 769 0.2
660 772 0.2
660 1060 0.05
660 962 0.05
660 664 0.01
660 677 0.2
661 754 0.01
661 1084 0.2
661 752 0.01
661 704 0.2
661 984 0.2
662 715 0.01
663 706 0.05
663 691 0.2
663 1090 0.01
664 1091 0.01
665 990 0.05
668 880 0.01
668 694 0.05
671 836 0.01
671 778 0.01
671 1092 0.05
675 875 0.2
675 1047 0.2
675 694 0.05
680 1093 0.01
687 1007 0.2
687 704 0.01
687 703 0.2
687 692 0.01
687 698 0.01
687 1067 0.2
687 1001 0.01
688 884 0.2
689 694 0.05
691 975 0.2
691 706 0.05
691 853 0.01
692 884 0.05
693 1086 0.05
694 1094 0.2
695 696 0.01
695 786 0.2
697 775 0.05
697 790 0.2
698 790 0.05
698 797 0.01
698 801 0.2
699 1095 0.01
699 806 0.2
699 987 0.01
699 879 0.05
700 840 0.05
701 840 0.01
701 1096 0.2
703 783 0.01
704 775 0.01
705 996 0.01
705 1097 0.05
706 994 0.01
706 847 0.2
706 1098 0.05
706 1043 0.01
706 1038 0.2
706 1039 0.2
706 755 0.01
707 853 0.05
707 1010 0.05
707 825 0.05
707 954 0.01
709 816 0.01
709 1038 0.05
709 1035 0.05
709 1098 0.01
709 849 0.05
710 721 0.2
710 851 0.2
710 733 0.01
710 732 0.01
711 861 0.2
711 1050 0.01
711 900 0.01
712 795 0.01
714 1099 0.2
714 988 0.2
715 950 0.01
718 812 0.01
719 908 0.2
723 737 0.01
724 945 0.05
724 744 0.2
724 940 0.2
724 747 0.2
724 986 0.2
724 1100 0.05
724 958 0.01
724 941 0.2
724 746 0.05
724 946 0.01
725 726 0.05
725 729 0.2
725 798 0.01
725 787 0.01
725 730 0.2
726 729 0.01
726 978 0.2
726 885 0.2
726 886 0.05
726 756 0.05
726 788 0.05
726 887 0.05
726 888 0.05
728 731 0.05
728 992 0.05
728 1003 0.05
728 976 0.2
729 859 0.2
730 756 0.01
730 983 0.2
730 945 0.2
730 982 0.05
730 981 0.2
731 974 0.01
731 1003 0.01
731 992 0.01
734 821 0.2
736 937 0.2
738 793 0.2
742 965 0.2
743 748 0.01
743 945 0.05
743 944 0.01
743 746 0.01
744 746 0.01
744 945 0.05
744 745 0.01
744 783 0.01
744 748 0.01
745 940 0.05
745 748 0.05
745 945 0.2
745 746 0.2
746 945 0.05
746 748 0.05
748 940 0.05
748 1075 0.01
750 872 0.01
753 754 0.05
754 812 0.2
756 885 0.01
756 886 0.01
756 788 0.2
756 887 0.05
756 888 0.2
756 775 0.01
757 1045 0.05
757 1027 0.01
757 808 0.01
757 1101 0.2
757 1020 0.05
757 1025 0.01
757 848 0.2
757 1026 0.01
761 935 0.01
761 930 0.2
764 1048 0.01
765 795 0.05
765 822 0.05
765 1102 0.01
765 1053 0.05
766 774 0.2
768 1103 0.01
769 770 0.2
769 953 0.2
770 819 0.2
770 975 0.05
770 1073 0.05
771 1104 0.05
771 953 0.05
772 819 0.01
773 976 0.05
774 896 0.01
775 833 0.01
775 884 0.01
775 809 0.2
775 834 0.05
780 786 0.05
783 786 0.01
784 890 0.05
784 936 0.01
784 885 0.2
784 895 0.05
784 891 0.01
788 885 0.05
788 886 0.05
788 887 0.05
788 888 0.2
793 1067 0.2
793 1069 0.2
793 1005 0.01
793 1105 0.05
793 1078 0.01
794 809 0.05
795 1066 0.05
795 903 0.05
799 926 0.05
802 1106 0.01
807 850 0.01
808 1097 0.05
808 848 0.05
808 1034 0.2
808 1023 0.05
809 833 0.01
809 834 0.01
811 1037 0.2
811 957 0.2
812 846 0.05
814 825 0.01
816 849 0.01
816 847 0.05
816 823 0.2
818 990 0.01
819 953 0.05
819 1058 0.2
819 952 0.05
820 853 0.2
822 1053 0.2
824 1036 0.05
824 870 0.2
824 868 0.05
824 1107 0.01
828 1062 0.05
831 976 0.05
833 834 0.2
833 908 0.2
834 1108 0.05
836 1109 0.2
836 859 0.05
836 1010 0.2
836 1110 0.05
836 1111 0.01
837 838 0.01
837 880 0.05
840 980 0.05
847 1098 0.2
847 1043 0.01
847 1035 0.01
847 1039 0.2
848 1045 0.2
848 1098 0.01
848 1034 0.05
849 1035 0.05
849 1043 0.05
849 1037 0.05
849 1098 0.01
853 929 0.01
854 869 0.05
855 1112 0.01
855 871 0.2
855 923 0.2
855 868 0.2
855 869 0.2
859 1113 0.01
860 963 0.01
860 1005 0.01
860 907 0.01
861 1050 0.2
861 989 0.2
861 988 0.05
865 976 0.2
865 1113 0.05
868 869 0.05
868 1112 0.05
868 870 0.05
869 1112 0.05
870 1035 0.05
870 871 0.01
870 1114 0.05
870 1038 0.2
874 1115 0.2
878 1095 0.01
884 1116 0.2
885 886 0.01
885 887 0.05
885 888 0.2
886 887 0.01
886 888 0.01
887 888 0.2
889 896 0.05
889 936 0.2
889 891 0.01
890 1117 0.2
890 978 0.05
891 907 0.2
891 896 0.2
894 981 0.2
894 1011 0.05
894 983 0.01
894 895 0.01
894 976 0.05
894 920 0.01
894 982 0.05
895 981 0.01
895 976 0.2
895 983 0.2
895 920 0.01
896 936 0.05
896 924 0.05
898 1118 0.01
899 900 0.05
900 1058 0.01
902 1066 0.01
902 912 0.01
904 1051 0.2
904 908 0.01
907 1004 0.2
907 1005 0.2
907 1067 0.2
907 1069 0.01
907 911 0.01
908 992 0.2
908 1003 0.2
910 1069 0.01
910 1067 0.2
910 1005 0.05
910 1105 0.05
910 1078 0.2
912 1066 0.01
912 1065 0.2
912 1054 0.01
919 1119 0.2
920 981 0.2
920 983 0.2
921 1090 0.05
922 1002 0.01
923 1023 0.2
924 985 0.01
928 1062 0.01
930 1120 0.2
931 1011 0.05
931 1121 0.05
932 963 0.01
932 1005 0.2
935 987 0.05
935 1087 0.05
940 941 0.2
940 946 0.01
941 942 0.05
942 958 0.05
950 952 0.01
954 962 0.05
957 1037 0.05
957 995 0.01
957 996 0.05
958 1063 0.05
958 1100 0.05
958 986 0.2
960 1122 0.2
968 1084 0.01
968 1080 0.05
976 981 0.01
976 983 0.01
979 1123 0.05
980 1068 0.2
981 1124 0.05
981 983 0.05
987 1087 0.05
988 1050 0.2
989 1050 0.2
990 1009 0.05
992 1003 0.05
995 1043 0.2
995 1112 0.01
995 996 0.01
995 1026 0.05
997 1123 0.01
998 1125 0.01
1001 1049 0.2
1001 1126 0.01
1004 1067 0.05
1004 1005 0.01
1004 1069 0.05
1004 1105 0.01
1005 1067 0.05
1005 1069 0.2
1005 1105 0.05
1005 1070 0.01
1009 1127 0.2
1017 1068 0.2
1017 1019 0.2
1019 1068 0.05
1023 1128 0.05
1024 1097 0.01
1026 1045 0.2
1032 1069 0.05
1032 1078 0.01
1035 1043 0.05
1035 1039 0.05
1035 1098 0.01
1035 1038 0.2
1039 1043 0.05
1039 1098 0.01
1043 1098 0.2
1045 1112 0.2
1053 1129 0.05
1066 1105 0.05
1067 1070 0.2
1067 1069 0.05
1067 1105 0.05
1067 1078 0.2
1069 1105 0.01
1069 1070 0.05
1069 1078 0.05
1070 1105 0.2
1073 1130 0.05
1078 1079 0.01
1080 1084 0.05
1080 1131 0.2
1087 1132 0.01
1088 1089 0.2
1096 1133 0.01
1098 1112 0.05
