1 2 0.05
1 3 0.05
1 4 0.01
1 5 0.01
1 6 0.01
1 7 0.05
1 8 0.01
1 9 0.2
1 10 0.2
1 11 0.05
1 12 0.2
1 13 0.01
1 14 0.05
1 15 0.05
1 16 0.01
1 17 0.01
1 18 0.05
1 19 0.2
1 20 0.01
1 21 0.2
1 22 0.01
1 23 0.2
1 24 0.2
1 25 0.05
1 26 0.05
1 27 0.2
1 28 0.2
1 29 0.2
1 30 0.01
1 31 0.2
1 32 0.01
1 33 0.2
1 34 0.01
1 35 0.2
1 36 0.05
1 37 0.01
1 38 0.01
1 39 0.01
1 40 0.2
1 41 0.01
1 42 0.01
1 43 0.05
1 44 0.05
1 45 0.2
1 46 0.2
1 47 0.01
1 48 0.01
1 49 0.01
1 50 0.01
1 51 0.2
1 52 0.01
1 53 0.01
1 54 0.05
1 55 0.2
1 56 0.2
1 57 0.2
1 58 0.05
1 59 0.01
1 60 0.01
1 61 0.05
1 62 0.01
1 63 0.2
1 64 0.2
1 65 0.2
1 66 0.01
1 67 0.2
1 68 0.01
1 69 0.01
1 70 0.05
1 71 0.2
1 72 0.05
1 73 0.05
1 74 0.01
1 75 0.01
1 76 0.05
1 77 0.2
1 78 0.01
1 79 0.2
1 80 0.01
1 81 0.05
1 82 0.01
1 83 0.01
1 84 0.01
1 85 0.2
1 86 0.2
1 87 0.05
1 88 0.01
1 89 0.01
1 90 0.05
1 91 0.2
1 92 0.01
1 93 0.05
1 94 0.2
1 95 0.2
1 96 0.05
1 97 0.2
1 98 0.2
1 99 0.05
1 100 0.01
1 101 0.01
1 102 0.01
1 103 0.05
1 104 0.01
1 105 0.2
1 106 0.01
1 107 0.05
1 108 0.2
1 109 0.05
1 110 0.01
1 111 0.2
1 112 0.01
1 113 0.05
1 114 0.2
1 115 0.05
1 116 0.01
1 117 0.2
1 118 0.01
1 119 0.01
1 120 0.05
1 121 0.01
1 122 0.2
1 123 0.05
1 124 0.05
1 125 0.2
1 126 0.2
1 127 0.05
1 128 0.2
1 129 0.01
1 130 0.05
1 131 0.2
1 132 0.2
1 133 0.2
1 134 0.05
1 135 0.01
1 136 0.05
1 137 0.2
1 138 0.2
1 139 0.01
1 140 0.05
1 141 0.01
1 142 0.01
1 143 0.01
1 144 0.2
1 145 0.01
1 146 0.01
1 147 0.2
1 148 0.2
1 149 0.2
1 150 0.05
1 151 0.05
1 152 0.2
1 153 0.05
1 154 0.01
1 155 0.01
1 156 0.01
1 157 0.01
1 158 0.2
1 159 0.05
1 160 0.2
1 161 0.05
1 162 0.2
1 163 0.01
1 164 0.2
1 165 0.05
1 166 0.05
1 167 0.2
1 168 0.01
1 169 0.01
1 170 0.01
1 171 0.05
1 172 0.05
1 173 0.01
1 174 0.2
1 175 0.01
1 176 0.2
1 177 0.2
1 178 0.2
1 179 0.01
1 180 0.2
1 181 0.01
1 182 0.05
1 183 0.01
1 184 0.01
1 185 0.2
1 186 0.05
1 187 0.2
1 188 0.01
1 189 0.05
1 190 0.2
1 191 0.2
1 192 0.01
1 193 0.2
1 194 0.05
1 195 0.05
1 196 0.01
1 197 0.2
1 198 0.01
1 199 0.2
1 200 0.01
1 201 0.01
1 202 0.01
1 203 0.01
1 204 0.2
1 205 0.2
1 206 0.05
1 207 0.05
1 208 0.05
1 209 0.01
1 210 0.2
1 211 0.2
1 212 0.2
1 213 0.01
1 214 0.05
1 215 0.01
1 216 0.05
1 217 0.01
1 218 0.01
1 219 0.2
1 220 0.05
1 221 0.01
1 222 0.01
1 223 0.05
1 224 0.01
1 225 0.05
1 226 0.05
1 227 0.05
1 228 0.2
1 229 0.01
1 230 0.05
1 231 0.05
1 232 0.01
1 233 0.01
1 234 0.2
1 235 0.01
1 236 0.01
1 237 0.05
1 238 0.2
1 239 0.05
1 240 0.01
1 241 0.05
1 242 0.05
1 243 0.05
1 244 0.05
1 245 0.05
1 246 0.05
1 247 0.2
1 248 0.05
1 249 0.01
1 250 0.05
1 251 0.01
1 252 0.05
1 253 0.05
1 254 0.01
1 255 0.01
1 256 0.05
1 257 0.01
1 258 0.01
1 259 0.01
1 260 0.01
1 261 0.01
1 262 0.01
1 263 0.2
1 264 0.2
1 265 0.01
1 266 0.01
1 267 0.01
1 268 0.05
1 269 0.05
1 270 0.2
1 271 0.05
1 272 0.05
1 273 0.2
1 274 0.05
1 275 0.05
1 276 0.01
1 277 0.2
1 278 0.01
1 279 0.05
1 280 0.2
1 281 0.2
1 282 0.2
1 283 0.2
1 284 0.2
1 285 0.05
1 286 0.01
1 287 0.2
1 288 0.2
35 1525 0.05
69 603 0.2
71 710 0.05
71 714 0.05
90 710 0.01
217 710 0.05
247 288 0.05
247 603 0.05
247 1525 0.2
288 289 0.2
288 290 0.2
288 291 0.05
288 292 0.05
288 293 0.01
288 294 0.05
288 295 0.01
288 296 0.05
288 297 0.05
288 298 0.01
288 299 0.01
288 300 0.01
288 301 0.01
288 302 0.2
288 303 0.05
288 304 0.01
288 305 0.01
288 306 0.01
288 307 0.2
288 308 0.05
288 309 0.05
288 310 0.05
288 311 0.05
288 312 0.01
288 313 0.05
288 314 0.2
288 315 0.05
288 316 0.05
288 317 0.2
288 318 0.2
288 319 0.2
288 320 0.01
288 321 0.01
288 322 0.2
288 323 0.2
288 324 0.05
288 325 0.01
288 326 0.05
288 327 0.2
288 328 0.01
288 329 0.2
288 330 0.05
288 331 0.2
288 332 0.01
288 333 0.2
288 334 0.01
288 335 0.01
288 336 0.05
288 337 0.01
288 338 0.01
288 339 0.2
288 340 0.01
288 341 0.01
288 342 0.05
288 343 0.01
288 344 0.05
288 345 0.05
288 346 0.05
288 347 0.01
288 348 0.2
288 349 0.05
288 350 0.05
288 351 0.01
288 352 0.05
288 353 0.05
288 354 0.2
288 355 0.01
288 356 0.2
288 357 0.2
288 358 0.2
288 359 0.2
288 360 0.01
288 361 0.2
288 362 0.01
288 363 0.01
288 364 0.01
288 365 0.05
288 366 0.01
288 367 0.01
288 368 0.05
288 369 0.01
288 370 0.01
288 371 0.01
288 372 0.2
288 373 0.01
288 374 0.01
288 375 0.05
288 376 0.05
288 377 0.05
288 378 0.2
288 379 0.01
288 380 0.2
288 381 0.01
288 382 0.2
288 383 0.01
288 384 0.05
288 385 0.05
288 386 0.05
288 387 0.05
288 388 0.05
288 389 0.2
288 390 0.01
288 391 0.05
288 392 0.05
288 393 0.01
288 394 0.2
288 395 0.05
288 396 0.01
288 397 0.2
288 398 0.2
288 399 0.05
288 400 0.05
288 401 0.01
288 402 0.05
288 403 0.2
288 404 0.05
288 405 0.2
288 406 0.05
288 407 0.01
288 408 0.05
288 409 0.2
288 410 0.05
288 411 0.2
288 412 0.01
288 413 0.05
288 414 0.2
288 415 0.01
288 416 0.01
288 417 0.05
288 418 0.05
288 419 0.2
288 420 0.2
288 421 0.01
288 422 0.01
288 423 0.05
288 424 0.05
288 425 0.2
288 426 0.01
288 427 0.2
288 428 0.01
288 429 0.2
288 430 0.2
288 431 0.05
288 432 0.01
288 433 0.05
288 434 0.2
288 435 0.05
288 436 0.01
288 437 0.2
288 438 0.01
288 439 0.2
288 440 0.01
288 441 0.05
288 442 0.2
288 443 0.01
288 444 0.01
288 445 0.01
288 446 0.2
288 447 0.2
288 448 0.2
288 449 0.2
288 450 0.2
288 451 0.05
288 452 0.2
288 453 0.01
288 454 0.05
288 455 0.01
288 456 0.2
288 457 0.05
288 458 0.05
288 459 0.2
288 460 0.2
288 461 0.01
288 462 0.2
288 463 0.05
288 464 0.01
288 465 0.05
288 466 0.05
288 467 0.01
288 468 0.05
288 469 0.05
288 470 0.01
288 471 0.05
288 472 0.01
288 473 0.2
288 474 0.2
288 475 0.2
288 476 0.2
288 477 0.01
288 478 0.2
288 479 0.05
288 480 0.2
288 481 0.05
288 482 0.01
288 483 0.05
288 484 0.05
288 485 0.05
288 486 0.2
288 487 0.05
288 488 0.05
288 489 0.2
288 490 0.2
288 491 0.2
288 492 0.01
288 493 0.05
288 494 0.2
288 495 0.2
288 496 0.2
288 497 0.2
288 498 0.05
288 499 0.01
288 500 0.05
288 501 0.2
288 502 0.05
288 503 0.01
288 504 0.2
288 505 0.01
288 506 0.2
288 507 0.05
288 508 0.05
288 509 0.05
288 510 0.2
288 511 0.01
288 512 0.2
288 513 0.05
288 514 0.2
288 515 0.01
288 516 0.01
288 517 0.2
288 518 0.01
288 519 0.01
288 520 0.2
288 521 0.2
288 522 0.05
288 523 0.2
288 524 0.05
288 525 0.2
288 526 0.05
288 527 0.05
288 528 0.05
288 529 0.05
288 530 0.05
288 531 0.01
288 532 0.2
288 533 0.05
288 534 0.05
288 535 0.2
288 536 0.01
288 537 0.05
288 538 0.2
288 539 0.05
288 540 0.2
288 541 0.01
288 542 0.05
288 543 0.05
288 544 0.2
288 545 0.2
288 546 0.01
288 547 0.05
288 548 0.01
288 549 0.01
288 550 0.01
288 551 0.05
288 552 0.01
288 553 0.05
288 554 0.2
288 555 0.05
288 556 0.2
288 557 0.01
288 558 0.01
288 559 0.05
288 560 0.05
288 561 0.05
288 562 0.2
288 563 0.05
288 564 0.2
288 565 0.01
288 566 0.01
288 567 0.01
288 568 0.2
288 569 0.01
288 570 0.01
288 571 0.05
288 572 0.2
288 573 0.2
288 574 0.01
288 575 0.01
288 576 0.2
288 577 0.05
288 578 0.05
288 579 0.05
288 580 0.01
288 581 0.01
288 582 0.01
288 583 0.05
288 584 0.05
288 585 0.2
288 586 0.2
288 587 0.01
288 588 0.05
288 589 0.2
288 590 0.01
288 591 0.2
288 592 0.01
288 593 0.2
288 594 0.01
288 595 0.01
288 596 0.05
288 597 0.2
288 598 0.05
288 599 0.01
288 600 0.01
288 601 0.05
288 602 0.05
288 603 0.01
288 604 0.05
288 605 0.01
288 606 0.05
288 607 0.01
288 608 0.01
288 609 0.01
288 610 0.2
288 611 0.01
288 612 0.2
288 613 0.05
288 614 0.2
288 615 0.01
288 616 0.2
288 617 0.05
288 618 0.01
288 619 0.01
288 620 0.2
288 621 0.2
288 622 0.2
288 623 0.01
288 624 0.2
288 625 0.01
288 626 0.05
288 627 0.05
288 628 0.01
288 629 0.01
288 630 0.2
288 631 0.05
288 632 0.05
288 633 0.01
288 634 0.2
288 635 0.05
288 636 0.01
288 637 0.2
288 638 0.01
288 639 0.01
288 640 0.2
288 641 0.05
288 642 0.2
288 643 0.01
288 644 0.05
288 645 0.05
288 646 0.05
288 647 0.05
288 648 0.05
288 649 0.2
288 650 0.01
288 651 0.05
288 652 0.01
288 653 0.01
288 654 0.01
288 655 0.05
288 656 0.2
288 657 0.01
288 658 0.05
288 659 0.2
288 660 0.01
288 661 0.01
288 662 0.01
288 663 0.01
288 664 0.05
288 665 0.2
288 666 0.01
288 667 0.2
288 668 0.2
288 669 0.05
288 670 0.05
288 671 0.05
288 672 0.2
288 673 0.2
288 674 0.2
288 675 0.01
288 676 0.01
288 677 0.05
288 678 0.2
288 679 0.01
288 680 0.01
288 681 0.01
288 682 0.01
288 683 0.01
288 684 0.2
288 685 0.01
288 686 0.2
288 687 0.01
288 688 0.01
288 689 0.2
288 690 0.01
288 691 0.01
288 692 0.05
288 693 0.2
288 694 0.05
288 695 0.01
288 696 0.2
288 697 0.2
288 698 0.05
288 699 0.2
288 700 0.2
288 701 0.05
288 702 0.01
288 703 0.05
288 704 0.01
288 705 0.01
288 706 0.05
288 707 0.2
288 708 0.01
288 709 0.01
288 710 0.2
288 711 0.2
288 712 0.2
288 713 0.01
288 714 0.2
288 715 0.01
288 716 0.01
288 717 0.2
288 718 0.05
288 719 0.01
288 720 0.2
288 721 0.05
288 722 0.05
288 723 0.05
288 724 0.01
288 725 0.05
288 726 0.2
288 727 0.05
288 728 0.2
288 729 0.05
288 730 0.05
288 731 0.05
288 732 0.01
288 733 0.05
288 734 0.01
288 735 0.01
288 736 0.01
288 737 0.05
288 738 0.01
288 739 0.2
288 740 0.2
288 741 0.05
288 742 0.05
288 743 0.05
288 744 0.2
288 745 0.05
288 746 0.05
288 747 0.01
288 748 0.05
288 749 0.2
288 750 0.05
288 751 0.01
288 752 0.2
288 753 0.01
288 754 0.05
288 755 0.01
288 756 0.2
288 757 0.2
288 758 0.2
288 759 0.01
288 760 0.2
288 761 0.01
288 762 0.2
288 763 0.01
288 764 0.2
288 765 0.01
288 766 0.05
288 767 0.2
335 2232 0.05
469 603 0.2
493 603 0.2
510 603 0.05
526 603 0.2
584 603 0.2
594 603 0.05
603 624 0.2
603 639 0.2
603 764 0.01
603 768 0.2
603 769 0.2
603 770 0.05
603 771 0.05
603 772 0.2
603 773 0.2
603 774 0.01
603 775 0.05
603 776 0.01
603 777 0.01
603 778 0.05
603 779 0.05
603 780 0.05
603 781 0.2
603 782 0.05
603 783 0.2
603 784 0.2
603 785 0.05
603 786 0.05
603 787 0.2
603 788 0.01
603 789 0.01
603 790 0.2
603 791 0.05
603 792 0.01
603 793 0.01
603 794 0.05
603 795 0.01
603 796 0.2
603 797 0.05
603 798 0.05
603 799 0.05
603 800 0.2
603 801 0.05
603 802 0.2
603 803 0.01
603 804 0.01
603 805 0.2
603 806 0.2
603 807 0.05
603 808 0.2
603 809 0.01
603 810 0.2
603 811 0.01
603 812 0.01
603 813 0.01
603 814 0.01
603 815 0.2
603 816 0.2
603 817 0.01
603 818 0.2
603 819 0.05
603 820 0.05
603 821 0.01
603 822 0.2
603 823 0.2
603 824 0.01
603 825 0.2
603 826 0.2
603 827 0.01
603 828 0.05
603 829 0.05
603 830 0.01
603 831 0.01
603 832 0.05
603 833 0.05
603 834 0.05
603 835 0.01
603 836 0.05
603 837 0.05
603 838 0.05
603 839 0.01
603 840 0.01
603 841 0.05
603 842 0.2
603 843 0.2
603 844 0.2
603 845 0.2
603 846 0.01
603 847 0.2
603 848 0.2
603 849 0.01
603 850 0.05
603 851 0.01
603 852 0.01
603 853 0.05
603 854 0.2
603 855 0.01
603 856 0.2
603 857 0.05
603 858 0.01
603 859 0.05
603 860 0.2
603 861 0.05
603 862 0.01
603 863 0.05
603 864 0.01
603 865 0.05
603 866 0.05
603 867 0.01
603 868 0.05
603 869 0.01
603 870 0.2
603 871 0.05
603 872 0.01
603 873 0.2
603 874 0.2
603 875 0.2
603 876 0.01
603 877 0.2
603 878 0.05
603 879 0.2
603 880 0.01
603 881 0.2
603 882 0.01
603 883 0.05
603 884 0.2
603 885 0.01
603 886 0.01
603 887 0.05
603 888 0.01
603 889 0.01
603 890 0.01
603 891 0.05
603 892 0.2
603 893 0.01
603 894 0.05
603 895 0.01
603 896 0.05
603 897 0.01
603 898 0.05
603 899 0.01
603 900 0.01
603 901 0.2
603 902 0.01
603 903 0.2
603 904 0.05
603 905 0.01
603 906 0.05
603 907 0.05
603 908 0.05
603 909 0.05
603 910 0.05
603 911 0.01
603 912 0.2
603 913 0.01
603 914 0.01
603 915 0.2
603 916 0.01
603 917 0.01
603 918 0.2
603 919 0.05
603 920 0.01
603 921 0.2
603 922 0.01
603 923 0.2
603 924 0.05
603 925 0.01
603 926 0.2
603 927 0.2
603 928 0.2
603 929 0.01
603 930 0.2
603 931 0.05
603 932 0.01
603 933 0.2
603 934 0.2
603 935 0.2
603 936 0.2
603 937 0.01
603 938 0.2
603 939 0.05
603 940 0.2
603 941 0.05
603 942 0.2
603 943 0.2
603 944 0.01
603 945 0.2
603 946 0.05
603 947 0.2
603 948 0.05
603 949 0.05
603 950 0.05
603 951 0.01
603 952 0.2
603 953 0.05
603 954 0.2
603 955 0.2
603 956 0.01
603 957 0.05
603 958 0.01
603 959 0.01
603 960 0.05
603 961 0.2
603 962 0.05
603 963 0.05
603 964 0.2
603 965 0.01
603 966 0.01
603 967 0.01
603 968 0.2
603 969 0.2
603 970 0.2
603 971 0.05
603 972 0.01
603 973 0.05
603 974 0.2
603 975 0.01
603 976 0.01
603 977 0.01
603 978 0.01
603 979 0.2
603 980 0.2
603 981 0.2
603 982 0.01
603 983 0.01
603 984 0.2
603 985 0.05
603 986 0.05
603 987 0.05
603 988 0.05
603 989 0.05
603 990 0.01
603 991 0.05
603 992 0.05
603 993 0.05
603 994 0.2
603 995 0.2
603 996 0.05
603 997 0.01
603 998 0.05
603 999 0.01
603 1000 0.2
603 1001 0.2
603 1002 0.05
603 1003 0.01
603 1004 0.01
603 1005 0.2
603 1006 0.05
603 1007 0.2
603 1008 0.2
603 1009 0.05
603 1010 0.05
603 1011 0.01
603 1012 0.05
603 1013 0.2
603 1014 0.2
603 1015 0.2
603 1016 0.05
603 1017 0.05
603 1018 0.2
603 1019 0.01
603 1020 0.01
603 1021 0.2
603 1022 0.01
603 1023 0.01
603 1024 0.01
603 1025 0.2
603 1026 0.2
603 1027 0.01
603 1028 0.05
603 1029 0.01
603 1030 0.05
603 1031 0.05
603 1032 0.2
603 1033 0.2
603 1034 0.2
603 1035 0.2
603 1036 0.2
603 1037 0.2
603 1038 0.05
603 1039 0.05
603 1040 0.2
603 1041 0.01
603 1042 0.2
603 1043 0.2
603 1044 0.05
603 1045 0.2
603 1046 0.05
603 1047 0.2
603 1048 0.01
603 1049 0.05
603 1050 0.01
603 1051 0.01
603 1052 0.01
603 1053 0.2
603 1054 0.01
603 1055 0.05
603 1056 0.05
603 1057 0.2
603 1058 0.05
603 1059 0.01
603 1060 0.01
603 1061 0.2
603 1062 0.2
603 1063 0.01
603 1064 0.01
603 1065 0.01
603 1066 0.05
603 1067 0.01
603 1068 0.01
603 1069 0.01
603 1070 0.05
603 1071 0.01
603 1072 0.2
603 1073 0.01
603 1074 0.05
603 1075 0.01
603 1076 0.05
603 1077 0.2
603 1078 0.01
603 1079 0.05
603 1080 0.2
603 1081 0.05
603 1082 0.2
603 1083 0.01
603 1084 0.01
603 1085 0.05
603 1086 0.05
603 1087 0.05
603 1088 0.01
603 1089 0.05
603 1090 0.2
603 1091 0.05
603 1092 0.01
603 1093 0.01
603 1094 0.01
603 1095 0.2
603 1096 0.01
603 1097 0.05
603 1098 0.05
603 1099 0.05
603 1100 0.01
603 1101 0.05
603 1102 0.2
603 1103 0.2
603 1104 0.2
603 1105 0.2
603 1106 0.2
603 1107 0.2
603 1108 0.05
603 1109 0.05
603 1110 0.01
603 1111 0.01
603 1112 0.05
603 1113 0.2
603 1114 0.2
603 1115 0.05
603 1116 0.01
603 1117 0.01
603 1118 0.05
603 1119 0.05
603 1120 0.2
603 1121 0.01
603 1122 0.05
603 1123 0.01
603 1124 0.05
603 1125 0.01
603 1126 0.2
603 1127 0.01
603 1128 0.2
603 1129 0.05
603 1130 0.2
603 1131 0.2
603 1132 0.01
603 1133 0.01
603 1134 0.2
603 1135 0.05
603 1136 0.01
603 1137 0.2
603 1138 0.2
603 1139 0.2
603 1140 0.05
603 1141 0.2
603 1142 0.01
603 1143 0.2
603 1144 0.01
603 1145 0.05
603 1146 0.05
603 1147 0.05
603 1148 0.2
603 1149 0.2
603 1150 0.2
603 1151 0.05
603 1152 0.05
603 1153 0.2
603 1154 0.01
603 1155 0.05
603 1156 0.01
603 1157 0.01
603 1158 0.05
603 1159 0.2
603 1160 0.2
603 1161 0.2
603 1162 0.2
603 1163 0.01
603 1164 0.2
603 1165 0.05
603 1166 0.2
603 1167 0.01
603 1168 0.01
603 1169 0.01
603 1170 0.05
603 1171 0.2
603 1172 0.2
603 1173 0.05
603 1174 0.2
603 1175 0.2
603 1176 0.05
603 1177 0.01
603 1178 0.01
603 1179 0.05
603 1180 0.01
603 1181 0.05
603 1182 0.2
603 1183 0.2
603 1184 0.05
603 1185 0.2
603 1186 0.01
603 1187 0.05
603 1188 0.01
603 1189 0.2
603 1190 0.01
603 1191 0.01
603 1192 0.05
603 1193 0.01
603 1194 0.2
603 1195 0.01
603 1196 0.2
603 1197 0.2
603 1198 0.05
603 1199 0.2
603 1200 0.2
603 1201 0.05
603 1202 0.01
603 1203 0.05
603 1204 0.2
603 1205 0.01
603 1206 0.05
603 1207 0.01
603 1208 0.01
603 1209 0.05
603 1210 0.2
603 1211 0.2
603 1212 0.01
603 1213 0.2
603 1214 0.05
603 1215 0.01
603 1216 0.2
603 1217 0.01
603 1218 0.2
603 1219 0.2
603 1220 0.2
603 1221 0.05
603 1222 0.2
603 1223 0.01
603 1224 0.01
603 1225 0.2
603 1226 0.2
603 1227 0.01
603 1228 0.2
603 1229 0.05
603 1230 0.2
603 1231 0.2
603 1232 0.05
603 1233 0.05
603 1234 0.05
603 1235 0.01
603 1236 0.05
603 1237 0.01
603 1238 0.01
603 1239 0.2
603 1240 0.2
603 1241 0.01
603 1242 0.05
603 1243 0.2
603 1244 0.01
603 1245 0.05
603 1246 0.01
603 1247 0.01
603 1248 0.2
603 1249 0.05
603 1250 0.01
603 1251 0.05
603 1252 0.01
603 1253 0.01
603 1254 0.01
603 1255 0.01
603 1256 0.05
603 1257 0.01
603 1258 0.05
603 1259 0.2
603 1260 0.2
603 1261 0.05
603 1262 0.05
603 1263 0.05
603 1264 0.2
603 1265 0.01
603 1266 0.2
603 1267 0.01
603 1268 0.05
603 1269 0.05
603 1270 0.05
603 1271 0.05
603 1272 0.2
603 1273 0.01
603 1274 0.2
603 1275 0.2
603 1276 0.01
603 1277 0.2
603 1278 0.05
603 1279 0.01
603 1280 0.01
603 1281 0.05
603 1282 0.01
603 1283 0.01
603 1284 0.01
603 1285 0.01
603 1286 0.05
603 1287 0.01
603 1288 0.05
603 1289 0.05
603 1290 0.2
603 1291 0.05
603 1292 0.01
603 1293 0.01
603 1294 0.2
603 1295 0.01
603 1296 0.2
603 1297 0.01
603 1298 0.05
603 1299 0.05
603 1300 0.05
603 1301 0.01
603 1302 0.05
603 1303 0.01
603 1304 0.05
603 1305 0.01
603 1306 0.05
603 1307 0.2
603 1308 0.2
603 1309 0.01
603 1310 0.2
603 1311 0.2
603 1312 0.01
603 1313 0.01
603 1314 0.2
603 1315 0.2
603 1316 0.2
603 1317 0.05
603 1318 0.05
603 1319 0.2
603 1320 0.01
603 1321 0.01
603 1322 0.05
603 1323 0.01
603 1324 0.2
603 1325 0.05
603 1326 0.05
603 1327 0.01
603 1328 0.05
603 1329 0.2
603 1330 0.01
603 1331 0.2
603 1332 0.05
603 1333 0.2
603 1334 0.2
603 1335 0.2
603 1336 0.2
603 1337 0.05
603 1338 0.01
603 1339 0.2
603 1340 0.01
603 1341 0.2
603 1342 0.2
603 1343 0.01
603 1344 0.05
603 1345 0.01
603 1346 0.2
603 1347 0.05
603 1348 0.05
603 1349 0.2
603 1350 0.05
603 1351 0.01
603 1352 0.2
603 1353 0.01
603 1354 0.2
603 1355 0.2
603 1356 0.01
603 1357 0.01
603 1358 0.05
603 1359 0.05
603 1360 0.05
603 1361 0.01
603 1362 0.01
603 1363 0.05
603 1364 0.2
603 1365 0.01
603 1366 0.05
603 1367 0.2
603 1368 0.01
603 1369 0.01
603 1370 0.01
603 1371 0.01
603 1372 0.05
603 1373 0.01
603 1374 0.01
603 1375 0.2
603 1376 0.01
603 1377 0.2
603 1378 0.2
603 1379 0.2
603 1380 0.05
603 1381 0.2
603 1382 0.05
603 1383 0.01
603 1384 0.05
603 1385 0.2
603 1386 0.01
603 1387 0.01
603 1388 0.01
603 1389 0.05
603 1390 0.01
603 1391 0.01
603 1392 0.05
603 1393 0.2
603 1394 0.05
603 1395 0.01
603 1396 0.01
603 1397 0.01
603 1398 0.2
603 1399 0.01
603 1400 0.2
603 1401 0.01
603 1402 0.01
603 1403 0.2
603 1404 0.01
603 1405 0.01
603 1406 0.2
603 1407 0.05
603 1408 0.05
603 1409 0.01
603 1410 0.01
603 1411 0.05
603 1412 0.05
603 1413 0.05
603 1414 0.01
603 1415 0.05
603 1416 0.05
603 1417 0.01
603 1418 0.01
603 1419 0.05
603 1420 0.2
603 1421 0.05
603 1422 0.05
603 1423 0.2
603 1424 0.2
603 1425 0.2
603 1426 0.2
603 1427 0.05
603 1428 0.05
603 1429 0.2
603 1430 0.2
603 1431 0.2
603 1432 0.05
603 1433 0.01
603 1434 0.01
603 1435 0.01
603 1436 0.05
603 1437 0.01
603 1438 0.2
603 1439 0.01
603 1440 0.05
603 1441 0.05
603 1442 0.2
603 1443 0.2
603 1444 0.2
603 1445 0.05
603 1446 0.2
603 1447 0.01
603 1448 0.2
603 1449 0.01
603 1450 0.2
603 1451 0.05
603 1452 0.2
603 1453 0.01
603 1454 0.2
603 1455 0.05
603 1456 0.2
603 1457 0.01
603 1458 0.05
603 1459 0.2
603 1460 0.01
603 1461 0.05
603 1462 0.01
603 1463 0.2
603 1464 0.2
603 1465 0.2
603 1466 0.01
603 1467 0.05
603 1468 0.05
603 1469 0.01
603 1470 0.2
603 1471 0.01
603 1472 0.01
603 1473 0.01
603 1474 0.05
603 1475 0.05
603 1476 0.01
603 1477 0.2
603 1478 0.2
603 1479 0.2
603 1480 0.05
603 1481 0.01
603 1482 0.2
603 1483 0.2
603 1484 0.05
603 1485 0.2
603 1486 0.2
603 1487 0.01
603 1488 0.05
603 1489 0.2
603 1490 0.05
603 1491 0.05
603 1492 0.01
603 1493 0.2
603 1494 0.2
603 1495 0.05
603 1496 0.01
603 1497 0.01
603 1498 0.05
603 1499 0.2
603 1500 0.2
603 1501 0.2
603 1502 0.2
603 1503 0.2
603 1504 0.2
603 1505 0.05
603 1506 0.05
603 1507 0.01
603 1508 0.2
603 1509 0.01
603 1510 0.05
603 1511 0.01
603 1512 0.2
603 1513 0.2
603 1514 0.05
603 1515 0.2
603 1516 0.05
603 1517 0.01
603 1518 0.01
603 1519 0.01
603 1520 0.01
603 1521 0.05
603 1522 0.2
603 1523 0.2
603 1524 0.01
710 711 0.2
710 712 0.2
710 713 0.01
710 714 0.01
710 715 0.05
710 716 0.05
710 717 0.05
710 718 0.01
710 719 0.05
710 720 0.01
710 2329 0.01
710 2330 0.2
710 2331 0.05
710 2332 0.2
710 2333 0.2
710 2334 0.05
710 2335 0.05
710 2336 0.2
710 2337 0.05
710 2338 0.01
710 2339 0.2
710 2340 0.2
710 2341 0.01
710 2342 0.05
710 2343 0.01
710 2344 0.05
710 2345 0.01
710 2346 0.2
710 2347 0.01
710 2348 0.01
710 2349 0.01
710 2350 0.01
710 2351 0.2
710 2352 0.2
710 2353 0.2
710 2354 0.2
710 2355 0.01
710 2356 0.01
710 2357 0.05
710 2358 0.2
710 2359 0.2
710 2360 0.01
710 2361 0.01
710 2362 0.2
710 2363 0.2
710 2364 0.01
710 2365 0.05
710 2366 0.01
710 2367 0.2
710 2368 0.2
710 2369 0.2
710 2370 0.05
710 2371 0.2
710 2372 0.2
710 2373 0.2
710 2374 0.05
710 2375 0.05
710 2376 0.2
710 2377 0.2
710 2378 0.2
710 2379 0.05
710 2380 0.2
710 2381 0.05
710 2382 0.01
710 2383 0.01
710 2384 0.05
710 2385 0.05
710 2386 0.05
710 2387 0.01
710 2388 0.05
710 2389 0.01
710 2390 0.2
710 2391 0.01
710 2392 0.01
710 2393 0.05
710 2394 0.01
710 2395 0.2
710 2396 0.05
710 2397 0.2
710 2398 0.2
710 2399 0.2
710 2400 0.2
710 2401 0.01
710 2402 0.05
710 2403 0.01
710 2404 0.2
710 2405 0.2
710 2406 0.2
710 2407 0.01
710 2408 0.01
710 2409 0.05
710 2410 0.01
710 2411 0.2
710 2412 0.2
710 2413 0.2
710 2414 0.2
710 2415 0.2
710 2416 0.01
710 2417 0.01
710 2418 0.01
710 2419 0.01
710 2420 0.2
710 2421 0.2
710 2422 0.01
710 2423 0.05
710 2424 0.01
710 2425 0.05
710 2426 0.2
710 2427 0.2
710 2428 0.05
710 2429 0.01
710 2430 0.2
710 2431 0.2
710 2432 0.01
710 2433 0.2
710 2434 0.2
710 2435 0.05
710 2436 0.01
710 2437 0.01
710 2438 0.01
710 2439 0.01
710 2440 0.05
710 2441 0.2
710 2442 0.01
710 2443 0.01
710 2444 0.01
710 2445 0.05
710 2446 0.05
710 2447 0.05
710 2448 0.05
710 2449 0.2
710 2450 0.05
710 2451 0.2
710 2452 0.01
710 2453 0.2
710 2454 0.05
710 2455 0.05
710 2456 0.2
710 2457 0.05
710 2458 0.05
710 2459 0.2
710 2460 0.01
710 2461 0.2
710 2462 0.01
710 2463 0.05
710 2464 0.2
710 2465 0.01
710 2466 0.05
710 2467 0.05
710 2468 0.05
710 2469 0.2
710 2470 0.05
710 2471 0.05
710 2472 0.05
710 2473 0.2
710 2474 0.05
710 2475 0.01
710 2476 0.01
710 2477 0.01
710 2478 0.2
710 2479 0.05
710 2480 0.2
710 2481 0.01
710 2482 0.2
710 2483 0.2
710 2484 0.05
710 2485 0.2
710 2486 0.2
710 2487 0.2
710 2488 0.01
710 2489 0.05
710 2490 0.2
710 2491 0.01
710 2492 0.2
710 2493 0.2
710 2494 0.05
710 2495 0.2
710 2496 0.01
710 2497 0.01
710 2498 0.2
710 2499 0.2
710 2500 0.05
710 2501 0.01
710 2502 0.2
710 2503 0.05
710 2504 0.2
710 2505 0.2
710 2506 0.05
710 2507 0.05
710 2508 0.05
710 2509 0.05
710 2510 0.05
710 2511 0.01
710 2512 0.01
710 2513 0.05
710 2514 0.2
710 2515 0.05
710 2516 0.2
710 2517 0.01
710 2518 0.01
710 2519 0.01
710 2520 0.05
710 2521 0.01
710 2522 0.05
710 2523 0.2
710 2524 0.2
710 2525 0.2
710 2526 0.01
710 2527 0.05
710 2528 0.01
710 2529 0.01
710 2530 0.2
710 2531 0.2
710 2532 0.01
710 2533 0.01
710 2534 0.01
710 2535 0.01
711 714 0.01
714 716 0.2
714 719 0.01
714 720 0.2
714 721 0.2
714 722 0.01
714 2348 0.05
714 2351 0.2
714 2352 0.2
714 2354 0.2
714 2356 0.05
714 2366 0.05
714 2369 0.2
714 2370 0.2
714 2375 0.05
714 2386 0.01
714 2394 0.05
714 2395 0.01
714 2399 0.05
714 2402 0.2
714 2405 0.01
714 2407 0.2
714 2409 0.2
714 2431 0.01
714 2434 0.01
714 2444 0.2
714 2452 0.2
714 2461 0.01
714 2465 0.2
714 2469 0.2
714 2475 0.2
714 2482 0.05
714 2483 0.01
714 2484 0.2
714 2492 0.05
714 2509 0.05
714 2511 0.05
714 2518 0.05
714 2521 0.01
714 2523 0.01
714 2524 0.2
714 2526 0.01
714 2530 0.2
714 2594 0.01
714 2595 0.2
714 2596 0.01
714 2597 0.05
714 2598 0.05
714 2599 0.05
714 2600 0.2
714 2601 0.01
714 2602 0.01
714 2603 0.2
714 2604 0.01
714 2605 0.2
714 2606 0.05
714 2607 0.2
714 2608 0.01
714 2609 0.05
714 2610 0.2
714 2611 0.2
714 2612 0.2
714 2613 0.01
714 2614 0.2
714 2615 0.05
714 2616 0.01
714 2617 0.01
714 2618 0.05
714 2619 0.2
714 2620 0.2
714 2621 0.05
714 2622 0.05
714 2623 0.01
714 2624 0.01
714 2625 0.05
714 2626 0.01
714 2627 0.01
714 2628 0.01
714 2629 0.05
714 2630 0.05
714 2631 0.01
714 2632 0.05
714 2633 0.01
714 2634 0.05
714 2635 0.2
714 2636 0.05
714 2637 0.05
714 2638 0.01
714 2639 0.01
714 2640 0.01
714 2641 0.2
714 2642 0.01
714 2643 0.05
714 2644 0.01
714 2645 0.05
714 2646 0.05
714 2647 0.01
714 2648 0.01
714 2649 0.05
714 2650 0.2
714 2651 0.01
714 2652 0.01
714 2653 0.05
714 2654 0.01
714 2655 0.01
714 2656 0.2
714 2657 0.2
714 2658 0.01
714 2659 0.2
714 2660 0.01
714 2661 0.2
714 2662 0.2
714 2663 0.05
714 2664 0.01
714 2665 0.01
714 2666 0.01
714 2667 0.01
714 2668 0.01
714 2669 0.01
714 2670 0.05
714 2671 0.01
714 2672 0.2
714 2673 0.05
714 2674 0.05
714 2675 0.05
714 2676 0.2
714 2677 0.2
714 2678 0.05
714 2679 0.2
714 2680 0.01
714 2681 0.2
714 2682 0.01
714 2683 0.01
714 2684 0.2
714 2685 0.01
714 2686 0.01
716 1525 0.2
719 1525 0.2
1524 2699 0.01
1525 1526 0.05
1525 1527 0.05
1525 1528 0.05
1525 1529 0.05
1525 1530 0.05
1525 1531 0.05
1525 1532 0.05
1525 1533 0.01
1525 1534 0.2
1525 1535 0.05
1525 1536 0.2
1525 1537 0.2
1525 1538 0.01
1525 1539 0.05
1525 1540 0.01
1525 1541 0.01
1525 1542 0.2
1525 1543 0.05
1525 1544 0.01
1525 1545 0.2
1525 1546 0.05
1525 1547 0.05
1525 1548 0.2
1525 1549 0.05
1525 1550 0.05
1525 1551 0.2
1525 1552 0.01
1525 1553 0.05
1525 1554 0.01
1525 1555 0.01
1525 1556 0.01
1525 1557 0.2
1525 1558 0.01
1525 1559 0.01
1525 1560 0.05
1525 1561 0.05
1525 1562 0.2
1525 1563 0.2
1525 1564 0.05
1525 1565 0.05
1525 1566 0.2
1525 1567 0.01
1525 1568 0.05
1525 1569 0.2
1525 1570 0.01
1525 1571 0.01
1525 1572 0.05
1525 1573 0.05
1525 1574 0.2
1525 1575 0.05
1525 1576 0.05
1525 1577 0.2
1525 1578 0.01
1525 1579 0.01
1525 1580 0.2
1525 1581 0.2
1525 1582 0.01
1525 1583 0.2
1525 1584 0.01
1525 1585 0.05
1525 1586 0.01
1525 1587 0.05
1525 1588 0.01
1525 1589 0.2
1525 1590 0.2
1525 1591 0.01
1525 1592 0.05
1525 1593 0.2
1525 1594 0.05
1525 1595 0.2
1525 1596 0.01
1525 1597 0.05
1525 1598 0.05
1525 1599 0.05
1525 1600 0.01
1525 1601 0.05
1525 1602 0.2
1525 1603 0.01
1525 1604 0.2
1525 1605 0.2
1525 1606 0.05
1525 1607 0.05
1525 1608 0.01
1525 1609 0.01
1525 1610 0.2
1525 1611 0.05
1525 1612 0.2
1525 1613 0.2
1525 1614 0.05
1525 1615 0.2
1525 1616 0.2
1525 1617 0.2
1525 1618 0.05
1525 1619 0.2
1525 1620 0.05
1525 1621 0.2
1525 1622 0.05
1525 1623 0.05
1525 1624 0.01
1525 1625 0.01
1525 1626 0.2
1525 1627 0.01
1525 1628 0.01
1525 1629 0.05
1525 1630 0.2
1525 1631 0.05
1525 1632 0.2
1525 1633 0.01
1525 1634 0.01
1525 1635 0.01
1525 1636 0.05
1525 1637 0.2
1525 1638 0.01
1525 1639 0.01
1525 1640 0.01
1525 1641 0.05
1525 1642 0.01
1525 1643 0.05
1525 1644 0.01
1525 1645 0.2
1525 1646 0.01
1525 1647 0.05
1525 1648 0.01
1525 1649 0.05
1525 1650 0.01
1525 1651 0.2
1525 1652 0.2
1525 1653 0.01
1525 1654 0.05
1525 1655 0.2
1525 1656 0.01
1525 1657 0.05
1525 1658 0.2
1525 1659 0.2
1525 1660 0.2
1525 1661 0.2
1525 1662 0.05
1525 1663 0.05
1525 1664 0.05
1525 1665 0.05
1525 1666 0.01
1525 1667 0.01
1525 1668 0.05
1525 1669 0.05
1525 1670 0.01
1525 1671 0.2
1525 1672 0.01
1525 1673 0.01
1525 1674 0.01
1525 1675 0.2
1525 1676 0.2
1525 1677 0.05
1525 1678 0.05
1525 1679 0.2
1525 1680 0.2
1525 1681 0.2
1525 1682 0.01
1525 1683 0.2
1525 1684 0.01
1525 1685 0.01
1525 1686 0.2
1525 1687 0.2
1525 1688 0.2
1525 1689 0.01
1525 1690 0.05
1525 1691 0.01
1525 1692 0.2
1525 1693 0.2
1525 1694 0.05
1525 1695 0.01
1525 1696 0.05
1525 1697 0.05
1525 1698 0.2
1525 1699 0.2
1525 1700 0.2
1525 1701 0.2
1525 1702 0.05
1525 1703 0.01
1525 1704 0.01
1525 1705 0.2
1525 1706 0.2
1525 1707 0.2
1525 1708 0.01
1525 1709 0.01
1525 1710 0.01
1525 1711 0.05
1525 1712 0.01
1525 1713 0.2
1525 1714 0.01
1525 1715 0.05
1525 1716 0.01
1525 1717 0.01
1525 1718 0.01
1525 1719 0.05
1525 1720 0.01
1525 1721 0.05
1525 1722 0.01
1525 1723 0.05
1525 1724 0.2
1525 1725 0.05
1525 1726 0.01
1525 1727 0.05
1525 1728 0.05
1525 1729 0.01
1525 1730 0.05
1525 1731 0.01
1525 1732 0.01
1525 1733 0.01
1525 1734 0.01
1525 1735 0.01
1525 1736 0.01
1525 1737 0.2
1525 1738 0.05
1525 1739 0.05
1525 1740 0.01
1525 1741 0.05
1525 1742 0.01
1525 1743 0.2
1525 1744 0.05
1525 1745 0.2
1525 1746 0.01
1525 1747 0.01
1525 1748 0.01
1525 1749 0.05
1525 1750 0.2
1525 1751 0.01
1525 1752 0.2
1525 1753 0.2
1525 1754 0.2
1525 1755 0.05
1525 1756 0.2
1525 1757 0.05
1525 1758 0.05
1525 1759 0.2
1525 1760 0.05
1525 1761 0.05
1525 1762 0.2
1525 1763 0.01
1525 1764 0.2
1525 1765 0.2
1525 1766 0.01
1525 1767 0.2
1525 1768 0.01
1525 1769 0.2
1525 1770 0.2
1525 1771 0.2
1525 1772 0.05
1525 1773 0.01
1525 1774 0.05
1525 1775 0.01
1525 1776 0.05
1525 1777 0.05
1525 1778 0.01
1525 1779 0.01
1525 1780 0.2
1525 1781 0.01
1525 1782 0.01
1525 1783 0.2
1525 1784 0.05
1525 1785 0.01
1525 1786 0.05
1525 1787 0.01
1525 1788 0.2
1525 1789 0.2
1525 1790 0.2
1525 1791 0.01
1525 1792 0.05
1525 1793 0.05
1525 1794 0.2
1525 1795 0.2
1525 1796 0.2
1525 1797 0.05
1525 1798 0.01
1525 1799 0.05
1525 1800 0.01
1525 1801 0.2
1525 1802 0.01
1525 1803 0.2
1525 1804 0.2
1525 1805 0.05
1525 1806 0.01
1525 1807 0.05
1525 1808 0.01
1525 1809 0.2
1525 1810 0.01
1525 1811 0.05
1525 1812 0.01
1525 1813 0.01
1525 1814 0.05
1525 1815 0.05
1525 1816 0.01
1525 1817 0.05
1525 1818 0.05
1525 1819 0.01
1525 1820 0.01
1525 1821 0.2
1525 1822 0.01
1525 1823 0.05
1525 1824 0.05
1525 1825 0.05
1525 1826 0.05
1525 1827 0.05
1525 1828 0.2
1525 1829 0.01
1525 1830 0.01
1525 1831 0.2
1525 1832 0.01
1525 1833 0.05
1525 1834 0.01
1525 1835 0.05
1525 1836 0.2
1525 1837 0.01
1525 1838 0.01
1525 1839 0.05
1525 1840 0.01
1525 1841 0.2
1525 1842 0.2
1525 1843 0.2
1525 1844 0.2
1525 1845 0.01
1525 1846 0.05
1525 1847 0.01
1525 1848 0.05
1525 1849 0.01
1525 1850 0.2
1525 1851 0.05
1525 1852 0.2
1525 1853 0.05
1525 1854 0.05
1525 1855 0.05
1525 1856 0.2
1525 1857 0.01
1525 1858 0.01
1525 1859 0.2
1525 1860 0.05
1525 1861 0.2
1525 1862 0.01
1525 1863 0.2
1525 1864 0.05
1525 1865 0.2
1525 1866 0.2
1525 1867 0.05
1525 1868 0.01
1525 1869 0.05
1525 1870 0.01
1525 1871 0.01
1525 1872 0.2
1525 1873 0.2
1525 1874 0.01
1525 1875 0.01
1525 1876 0.05
1525 1877 0.01
1525 1878 0.2
1525 1879 0.01
1525 1880 0.01
1525 1881 0.01
1525 1882 0.05
1525 1883 0.01
1525 1884 0.2
1525 1885 0.05
1525 1886 0.2
1525 1887 0.2
1525 1888 0.2
1525 1889 0.01
1525 1890 0.2
1525 1891 0.05
1525 1892 0.01
1525 1893 0.01
1525 1894 0.2
1525 1895 0.2
1525 1896 0.05
1525 1897 0.2
1525 1898 0.05
1525 1899 0.01
1525 1900 0.01
1525 1901 0.2
1525 1902 0.2
1525 1903 0.2
1525 1904 0.05
1525 1905 0.2
1525 1906 0.05
1525 1907 0.05
1525 1908 0.01
1525 1909 0.2
1525 1910 0.05
1525 1911 0.2
1525 1912 0.05
1525 1913 0.01
1525 1914 0.01
1525 1915 0.2
1525 1916 0.05
1525 1917 0.01
1525 1918 0.05
1525 1919 0.05
1525 1920 0.2
1525 1921 0.01
1525 1922 0.05
1525 1923 0.01
1525 1924 0.05
1525 1925 0.05
1525 1926 0.05
1525 1927 0.01
1525 1928 0.05
1525 1929 0.01
1525 1930 0.2
1525 1931 0.05
1525 1932 0.05
1525 1933 0.2
1525 1934 0.01
1525 1935 0.2
1525 1936 0.2
1525 1937 0.01
1525 1938 0.05
1525 1939 0.2
1525 1940 0.05
1525 1941 0.2
1525 1942 0.01
1525 1943 0.05
1525 1944 0.05
1525 1945 0.05
1525 1946 0.05
1525 1947 0.2
1525 1948 0.2
1525 1949 0.05
1525 1950 0.01
1525 1951 0.2
1525 1952 0.01
1525 1953 0.05
1525 1954 0.01
1525 1955 0.05
1525 1956 0.2
1525 1957 0.01
1525 1958 0.2
1525 1959 0.2
1525 1960 0.05
1525 1961 0.01
1525 1962 0.2
1525 1963 0.05
1525 1964 0.05
1525 1965 0.05
1525 1966 0.05
1525 1967 0.2
1525 1968 0.05
1525 1969 0.05
1525 1970 0.05
1525 1971 0.01
1525 1972 0.01
1525 1973 0.05
1525 1974 0.05
1525 1975 0.05
1525 1976 0.01
1525 1977 0.01
1525 1978 0.01
1525 1979 0.2
1525 1980 0.05
1525 1981 0.05
1525 1982 0.01
1525 1983 0.2
1525 1984 0.05
1525 1985 0.01
1525 1986 0.01
1525 1987 0.2
1525 1988 0.01
1525 1989 0.2
1525 1990 0.05
1525 1991 0.2
1525 1992 0.01
1525 1993 0.05
1525 1994 0.01
1525 1995 0.01
1525 1996 0.01
1525 1997 0.01
1525 1998 0.05
1525 1999 0.05
1525 2000 0.01
1525 2001 0.2
1525 2002 0.05
1525 2003 0.2
1525 2004 0.05
1525 2005 0.2
1525 2006 0.05
1525 2007 0.2
1525 2008 0.05
1525 2009 0.2
1525 2010 0.01
1525 2011 0.2
1525 2012 0.01
1525 2013 0.05
1525 2014 0.2
1525 2015 0.05
1525 2016 0.05
1525 2017 0.05
1525 2018 0.05
1525 2019 0.05
1525 2020 0.05
1525 2021 0.05
1525 2022 0.2
1525 2023 0.05
1525 2024 0.01
1525 2025 0.05
1525 2026 0.05
1525 2027 0.2
1525 2028 0.01
1525 2029 0.05
1525 2030 0.01
1525 2031 0.05
1525 2032 0.01
1525 2033 0.01
1525 2034 0.01
1525 2035 0.2
1525 2036 0.05
1525 2037 0.05
1525 2038 0.01
1525 2039 0.05
1525 2040 0.01
1525 2041 0.2
1525 2042 0.01
1525 2043 0.05
1525 2044 0.05
1525 2045 0.2
1525 2046 0.05
1525 2047 0.2
1525 2048 0.2
1525 2049 0.2
1525 2050 0.2
1525 2051 0.01
1525 2052 0.05
1525 2053 0.05
1525 2054 0.2
1525 2055 0.01
1525 2056 0.2
1525 2057 0.05
1525 2058 0.2
1525 2059 0.01
1525 2060 0.05
1525 2061 0.05
1525 2062 0.05
1525 2063 0.01
1525 2064 0.2
1525 2065 0.2
1525 2066 0.05
1525 2067 0.01
1525 2068 0.2
1525 2069 0.01
1525 2070 0.05
1525 2071 0.05
1525 2072 0.01
1525 2073 0.05
1525 2074 0.2
1525 2075 0.05
1525 2076 0.01
1525 2077 0.05
1525 2078 0.2
1525 2079 0.05
1525 2080 0.01
1525 2081 0.01
1525 2082 0.01
1525 2083 0.05
1525 2084 0.2
1525 2085 0.01
1525 2086 0.05
1525 2087 0.2
1525 2088 0.01
1525 2089 0.05
1525 2090 0.2
1525 2091 0.05
1525 2092 0.2
1525 2093 0.05
1525 2094 0.01
1525 2095 0.2
1525 2096 0.2
1525 2097 0.2
1525 2098 0.01
1525 2099 0.01
1525 2100 0.05
1525 2101 0.01
1525 2102 0.2
1525 2103 0.05
1525 2104 0.2
1525 2105 0.05
1525 2106 0.01
1525 2107 0.2
1525 2108 0.2
1525 2109 0.01
1525 2110 0.2
1525 2111 0.05
1525 2112 0.05
1525 2113 0.01
1525 2114 0.01
1525 2115 0.2
1525 2116 0.01
1525 2117 0.05
1525 2118 0.05
1525 2119 0.01
1525 2120 0.2
1525 2121 0.01
1525 2122 0.05
1525 2123 0.2
1525 2124 0.05
1525 2125 0.01
1525 2126 0.05
1525 2127 0.2
1525 2128 0.01
1525 2129 0.01
1525 2130 0.05
1525 2131 0.2
1525 2132 0.05
1525 2133 0.2
1525 2134 0.2
1525 2135 0.2
1525 2136 0.2
1525 2137 0.01
1525 2138 0.05
1525 2139 0.2
1525 2140 0.2
1525 2141 0.01
1525 2142 0.2
1525 2143 0.01
1525 2144 0.05
1525 2145 0.2
1525 2146 0.2
1525 2147 0.2
1525 2148 0.2
1525 2149 0.2
1525 2150 0.01
1525 2151 0.05
1525 2152 0.2
1525 2153 0.2
1525 2154 0.01
1525 2155 0.01
1525 2156 0.2
1525 2157 0.2
1525 2158 0.01
1525 2159 0.2
1525 2160 0.01
1525 2161 0.01
1525 2162 0.05
1525 2163 0.05
1525 2164 0.05
1525 2165 0.01
1525 2166 0.2
1525 2167 0.01
1525 2168 0.2
1525 2169 0.2
1525 2170 0.01
1525 2171 0.01
1525 2172 0.05
1525 2173 0.2
1525 2174 0.01
1525 2175 0.05
1525 2176 0.05
1525 2177 0.05
1525 2178 0.01
1525 2179 0.05
1525 2180 0.01
1525 2181 0.2
1525 2182 0.2
1525 2183 0.05
1525 2184 0.01
1525 2185 0.2
1525 2186 0.01
1525 2187 0.2
1525 2188 0.05
1525 2189 0.05
1525 2190 0.05
1525 2191 0.05
1525 2192 0.2
1525 2193 0.2
1525 2194 0.2
1525 2195 0.2
1525 2196 0.05
1525 2197 0.05
1525 2198 0.01
1525 2199 0.01
1525 2200 0.01
1525 2201 0.05
1525 2202 0.2
1525 2203 0.01
1525 2204 0.01
1525 2205 0.2
1525 2206 0.05
1525 2207 0.01
1525 2208 0.01
1525 2209 0.05
1525 2210 0.2
1525 2211 0.01
1525 2212 0.05
1525 2213 0.01
1525 2214 0.01
1525 2215 0.01
1525 2216 0.01
1525 2217 0.01
1525 2218 0.01
1525 2219 0.2
1525 2220 0.2
1525 2221 0.01
1525 2222 0.2
1525 2223 0.01
1525 2224 0.05
1525 2225 0.05
1525 2226 0.05
1525 2227 0.01
1525 2228 0.2
1525 2229 0.05
1525 2230 0.01
1525 2231 0.2
2232 2233 0.01
2232 2234 0.2
2232 2235 0.2
2232 2236 0.05
2232 2237 0.2
2232 2238 0.05
2232 2239 0.05
2232 2240 0.2
2232 2241 0.05
2232 2242 0.2
2232 2243 0.2
2232 2244 0.01
2232 2245 0.05
2232 2246 0.2
2232 2247 0.01
2232 2248 0.2
2232 2249 0.05
2232 2250 0.2
2232 2251 0.05
2232 2252 0.2
2232 2253 0.2
2232 2254 0.2
2232 2255 0.01
2232 2256 0.05
2232 2257 0.2
2232 2258 0.2
2232 2259 0.01
2232 2260 0.2
2232 2261 0.2
2232 2262 0.01
2232 2263 0.05
2232 2264 0.2
2232 2265 0.2
2232 2266 0.05
2232 2267 0.2
2232 2268 0.05
2232 2269 0.2
2232 2270 0.05
2232 2271 0.05
2232 2272 0.01
2232 2273 0.05
2232 2274 0.05
2232 2275 0.05
2232 2276 0.05
2232 2277 0.2
2232 2278 0.05
2232 2279 0.01
2232 2280 0.01
2232 2281 0.2
2232 2282 0.05
2232 2283 0.05
2232 2284 0.01
2232 2285 0.2
2232 2286 0.05
2232 2287 0.01
2232 2288 0.2
2232 2289 0.2
2232 2290 0.01
2232 2291 0.2
2232 2292 0.01
2232 2293 0.2
2232 2294 0.01
2232 2295 0.05
2232 2296 0.01
2232 2297 0.05
2232 2298 0.2
2232 2299 0.01
2232 2300 0.05
2232 2301 0.05
2232 2302 0.01
2232 2303 0.05
2232 2304 0.05
2232 2305 0.01
2232 2306 0.01
2232 2307 0.2
2232 2308 0.05
2232 2309 0.2
2232 2310 0.01
2232 2311 0.05
2232 2312 0.01
2232 2313 0.05
2232 2314 0.2
2232 2315 0.2
2232 2316 0.01
2232 2317 0.2
2232 2318 0.05
2232 2319 0.01
2232 2320 0.05
2232 2321 0.01
2232 2322 0.2
2232 2323 0.05
2232 2324 0.01
2232 2325 0.2
2232 2326 0.05
2232 2327 0.2
2232 2328 0.01
2536 2537 0.2
2536 2538 0.05
2536 2539 0.05
2536 2540 0.01
2536 2541 0.05
2536 2542 0.05
2536 2543 0.01
2536 2544 0.01
2536 2545 0.01
2536 2546 0.01
2536 2547 0.2
2536 2548 0.05
2536 2549 0.05
2536 2550 0.2
2536 2551 0.01
2536 2552 0.01
2536 2553 0.01
2536 2554 0.2
2536 2555 0.01
2536 2556 0.05
2536 2557 0.2
2536 2558 0.05
2536 2559 0.2
2536 2560 0.05
2536 2561 0.01
2536 2562 0.2
2536 2563 0.05
2536 2564 0.05
2536 2565 0.05
2536 2566 0.2
2536 2567 0.01
2536 2568 0.05
2536 2569 0.2
2536 2570 0.05
2536 2571 0.05
2536 2572 0.2
2536 2573 0.2
2536 2574 0.2
2536 2575 0.01
2536 2576 0.01
2536 2577 0.01
2536 2578 0.2
2536 2579 0.01
2536 2580 0.2
2536 2581 0.01
2536 2582 0.05
2536 2583 0.2
2536 2584 0.05
2536 2585 0.01
2536 2586 0.01
2536 2587 0.05
2536 2588 0.2
2536 2589 0.2
2536 2590 0.01
2536 2591 0.2
2536 2592 0.05
2536 2593 0.2
2536 2594 0.05
2687 2688 0.2
2687 2689 0.2
2687 2690 0.05
2687 2691 0.2
2687 2692 0.2
2687 2693 0.2
2687 2694 0.2
2687 2695 0.05
2687 2696 0.01
2687 2697 0.05
2687 2698 0.2
2687 2699 0.05
2687 2700 0.05
2687 2701 0.2
2687 2702 0.2
2687 2703 0.2
2687 2704 0.01
2687 2705 0.2
2687 2706 0.01
2687 2707 0.01
2687 2708 0.01
2687 2709 0.2
2687 2710 0.2
2687 2711 0.05
2687 2712 0.2
2687 2713 0.01
2687 2714 0.01
2687 2715 0.2
2687 2716 0.2
2687 2717 0.01
2687 2718 0.01
2687 2719 0.01
2687 2720 0.01
2687 2721 0.01
2687 2722 0.2
2687 2723 0.2
2687 2724 0.05
2687 2725 0.2
2687 2726 0.05
2687 2727 0.05
2687 2728 0.05
2687 2729 0.05
2687 2730 0.05
2687 2731 0.2
2687 2732 0.01
2687 2733 0.2
2687 2734 0.05
2687 2735 0.05
2687 2736 0.05
2687 2737 0.01
2687 2738 0.01
2687 2739 0.05
2687 2740 0.01
2687 2741 0.2
2687 2742 0.05
2687 2743 0.2
2687 2744 0.05
2687 2745 0.05
2687 2746 0.05
2687 2747 0.01
2687 2748 0.01
2687 2749 0.2
2687 2750 0.05
2687 2751 0.2
2687 2752 0.05
2687 2753 0.2
2687 2754 0.2
2687 2755 0.01
2687 2756 0.01
2687 2757 0.2
2687 2758 0.05
2687 2759 0.2
2687 2760 0.05
2687 2761 0.05
2687 2762 0.2
2687 2763 0.01
2687 2764 0.05
2687 2765 0.01
2687 2766 0.05
2687 2767 0.05
2687 2768 0.05
2687 2769 0.01
2687 2770 0.01
2687 2771 0.05
2687 2772 0.01
2687 2773 0.2
2687 2774 0.01
2687 2775 0.05
2687 2776 0.01
2687 2777 0.05
2687 2778 0.01
2687 2779 0.05
2687 2780 0.05
2687 2781 0.05
2687 2782 0.01
2687 2783 0.2
2687 2784 0.05
2687 2785 0.05
2687 2786 0.01
2687 2787 0.05
2687 2788 0.05
2687 2789 0.05
2687 2790 0.05
2687 2791 0.01
2687 2792 0.05
2687 2793 0.01
2687 2794 0.05
2687 2795 0.05
2687 2796 0.01
2687 2797 0.01
2687 2798 0.05
2687 2799 0.01
2687 2800 0.05
2687 2801 0.01
2687 2802 0.01
2687 2803 0.2
2687 2804 0.01
2687 2805 0.01
2687 2806 0.01
2687 2807 0.05
2687 2808 0.05
2687 2809 0.05
2687 2810 0.2
2687 2811 0.05
2687 2812 0.05
2687 2813 0.05
2687 2814 0.2
2687 2815 0.05
2687 2816 0.2
2687 2817 0.01
2687 2818 0.2
2687 2819 0.05
2687 2820 0.05
2687 2821 0.05
2687 2822 0.2
2687 2823 0.2
2687 2824 0.05
2687 2825 0.05
2687 2826 0.2
2687 2827 0.05
2687 2828 0.01
2687 2829 0.2
2687 2830 0.2
2687 2831 0.05
2687 2832 0.2
2687 2833 0.01
2687 2834 0.2
2687 2835 0.05
2687 2836 0.2
2687 2837 0.2
2687 2838 0.01
2687 2839 0.2
2687 2840 0.2
2687 2841 0.2
2687 2842 0.01
2687 2843 0.01
2687 2844 0.01
2687 2845 0.2
2687 2846 0.05
2687 2847 0.05
2687 2848 0.2
2687 2849 0.01
2687 2850 0.05
2687 2851 0.01
2687 2852 0.2
2687 2853 0.2
2687 2854 0.05
2687 2855 0.01
2687 2856 0.2
2687 2857 0.2
2698 2699 0.01
2699 2709 0.05
2699 2714 0.01
2699 2720 0.01
2699 2730 0.2
2699 2746 0.01
2699 2748 0.01
2699 2754 0.01
2699 2773 0.2
2699 2775 0.2
2699 2777 0.2
2699 2801 0.2
2699 2804 0.01
2699 2805 0.05
2699 2806 0.01
2699 2811 0.05
2699 2824 0.2
2699 2826 0.01
2699 2829 0.05
2699 2831 0.01
2699 2841 0.01
2699 2857 0.2
2699 2858 0.2
2699 2859 0.2
2699 2860 0.05
2699 2861 0.2
2699 2862 0.2
2699 2863 0.05
2699 2864 0.05
2699 2865 0.01
2699 2866 0.01
2699 2867 0.2
2699 2868 0.01
2699 2869 0.2
2699 2870 0.01
2699 2871 0.2
2699 2872 0.2
2699 2873 0.05
2699 2874 0.01
2699 2875 0.2
2699 2876 0.05
2699 2877 0.05
2699 2878 0.2
2699 2879 0.01
2699 2880 0.05
2699 2881 0.2
2699 2882 0.01
2699 2883 0.05
2699 2884 0.01
2699 2885 0.01
2699 2886 0.01
2699 2887 0.05
2699 2888 0.2
