1 2 0.2
1 3 0.2
4 5 0.01
6 7 0.2
8 9 0.01
10 11 0.01
12 13 0.2
12 14 0.05
12 15 0.01
12 16 0.2
12 17 0.01
18 19 0.2
18 20 0.01
21 22 0.01
23 24 0.05
23 22 0.2
25 26 0.05
25 27 0.01
28 29 0.01
28 30 0.2
28 31 0.2
32 33 0.05
32 34 0.01
32 35 0.2
32 36 0.2
32 37 0.2
32 38 0.05
32 39 0.05
32 40 0.2
32 41 0.01
32 42 0.2
32 43 0.05
32 44 0.05
32 45 0.05
32 46 0.05
32 20 0.01
32 47 0.2
32 48 0.05
32 49 0.05
32 50 0.01
32 51 0.05
32 52 0.05
32 53 0.2
54 55 0.05
54 56 0.2
57 58 0.01
57 59 0.2
60 61 0.2
62 63 0.05
62 64 0.2
62 65 0.05
62 66 0.05
67 68 0.01
69 70 0.05
69 71 0.01
72 73 0.05
74 75 0.2
76 77 0.01
78 79 0.05
80 33 0.01
27 25 0.2
27 81 0.01
27 82 0.01
27 83 0.01
27 84 0.2
85 86 0.2
85 87 0.05
88 89 0.01
88 90 0.05
88 91 0.2
88 92 0.05
93 94 0.2
93 95 0.2
96 46 0.05
30 28 0.2
97 98 0.2
97 99 0.01
100 101 0.01
100 102 0.2
100 103 0.2
100 104 0.01
100 52 0.01
100 105 0.01
100 106 0.01
100 107 0.05
100 108 0.2
100 109 0.01
100 110 0.2
100 111 0.05
112 113 0.01
114 20 0.01
114 115 0.05
114 116 0.01
114 53 0.01
114 33 0.01
114 117 0.05
118 119 0.05
120 121 0.05
122 123 0.01
124 125 0.2
126 127 0.01
128 48 0.01
128 43 0.2
128 20 0.2
128 129 0.2
128 130 0.05
128 34 0.05
128 131 0.05
128 53 0.01
132 133 0.01
134 135 0.2
113 136 0.2
137 138 0.01
137 139 0.05
137 140 0.2
137 141 0.01
137 142 0.05
137 143 0.05
143 137 0.01
144 52 0.01
144 145 0.01
146 147 0.01
146 148 0.05
133 149 0.05
133 150 0.05
151 152 0.05
153 20 0.05
153 154 0.01
155 156 0.05
155 157 0.2
158 20 0.01
158 53 0.05
159 160 0.01
48 34 0.05
48 161 0.2
48 162 0.05
48 32 0.01
48 128 0.2
163 37 0.05
135 114 0.01
135 52 0.05
135 164 0.2
135 49 0.01
135 38 0.05
165 166 0.05
165 167 0.2
168 33 0.2
169 170 0.2
169 171 0.2
5 172 0.05
173 174 0.2
173 175 0.2
173 176 0.05
177 178 0.05
179 180 0.2
179 181 0.05
179 182 0.2
179 183 0.01
179 184 0.05
179 185 0.2
179 186 0.05
187 65 0.01
188 189 0.01
188 190 0.01
188 65 0.2
188 191 0.01
192 36 0.05
192 193 0.2
194 42 0.01
194 195 0.05
196 197 0.05
196 198 0.2
199 200 0.2
199 150 0.05
199 149 0.01
199 201 0.01
199 184 0.05
199 202 0.2
199 185 0.05
199 180 0.01
203 52 0.05
204 53 0.01
205 206 0.01
207 208 0.05
207 209 0.2
210 211 0.2
212 213 0.2
214 215 0.01
216 94 0.2
86 87 0.2
86 85 0.05
52 217 0.01
52 218 0.2
52 219 0.05
52 220 0.05
52 20 0.2
52 221 0.01
52 222 0.2
52 51 0.01
52 223 0.2
52 224 0.01
52 33 0.05
52 203 0.05
52 36 0.2
52 225 0.05
52 144 0.01
52 226 0.01
52 227 0.05
52 41 0.01
52 228 0.01
52 32 0.01
52 110 0.05
52 40 0.01
52 94 0.2
52 95 0.2
52 229 0.01
52 230 0.01
52 35 0.2
52 231 0.2
52 100 0.01
52 53 0.05
52 135 0.05
52 232 0.05
52 49 0.2
52 233 0.05
52 42 0.05
52 37 0.05
234 235 0.2
234 236 0.2
237 189 0.01
238 239 0.01
240 241 0.2
242 243 0.05
244 245 0.2
244 246 0.01
247 248 0.2
247 249 0.05
247 250 0.05
119 118 0.2
251 47 0.05
252 6 0.01
253 254 0.2
255 256 0.01
255 116 0.2
257 258 0.2
259 190 0.01
218 52 0.2
218 222 0.2
260 261 0.05
260 262 0.2
260 105 0.05
260 263 0.01
260 110 0.01
264 20 0.2
264 46 0.05
264 265 0.05
264 36 0.05
264 266 0.01
267 268 0.2
267 241 0.2
267 269 0.01
267 270 0.2
267 271 0.05
267 240 0.05
272 273 0.01
272 274 0.05
275 276 0.01
275 277 0.2
278 279 0.01
280 20 0.2
281 116 0.01
281 282 0.05
281 283 0.2
281 265 0.05
281 44 0.01
281 115 0.01
164 135 0.2
284 42 0.01
284 45 0.05
285 286 0.2
285 287 0.2
288 289 0.2
290 34 0.05
291 147 0.2
291 146 0.05
291 292 0.2
291 293 0.01
294 295 0.2
294 58 0.2
296 297 0.05
296 52 0.05
296 225 0.01
87 86 0.01
87 85 0.2
298 71 0.01
298 20 0.2
299 300 0.05
299 37 0.2
299 301 0.2
302 303 0.01
302 304 0.01
302 305 0.2
65 187 0.2
65 306 0.2
65 307 0.2
65 189 0.2
65 308 0.05
65 213 0.01
65 309 0.01
65 310 0.05
263 261 0.05
263 260 0.2
311 312 0.2
311 20 0.01
313 273 0.2
111 104 0.05
111 100 0.2
111 53 0.05
111 107 0.01
111 105 0.05
111 6 0.05
111 176 0.2
111 52 0.2
111 102 0.05
111 110 0.2
111 314 0.05
111 315 0.05
111 108 0.05
111 316 0.2
111 51 0.05
111 7 0.01
317 180 0.01
317 90 0.01
318 319 0.01
318 261 0.2
318 102 0.05
318 36 0.01
318 49 0.05
99 97 0.01
320 20 0.2
34 48 0.05
34 37 0.01
34 33 0.2
34 321 0.2
34 20 0.2
34 47 0.2
34 322 0.2
34 45 0.05
34 290 0.01
34 52 0.01
34 323 0.05
34 128 0.2
34 46 0.2
34 32 0.05
34 130 0.01
34 36 0.01
34 176 0.05
189 65 0.05
189 324 0.2
189 188 0.01
189 325 0.2
189 66 0.05
189 326 0.2
189 327 0.05
189 319 0.05
189 237 0.01
189 261 0.2
19 18 0.01
328 329 0.05
330 115 0.05
331 332 0.01
331 333 0.2
233 221 0.05
233 52 0.2
233 334 0.05
233 335 0.01
326 189 0.2
326 7 0.05
224 110 0.05
224 336 0.05
224 227 0.05
224 52 0.05
224 337 0.2
224 111 0.2
224 106 0.2
224 338 0.05
339 32 0.01
339 51 0.2
339 38 0.05
339 340 0.2
339 50 0.2
339 20 0.05
339 52 0.05
339 53 0.05
339 37 0.01
341 283 0.01
105 100 0.2
105 52 0.2
105 314 0.2
105 107 0.2
105 101 0.05
105 102 0.05
105 108 0.01
160 159 0.2
342 47 0.2
342 20 0.01
342 293 0.05
250 327 0.2
250 343 0.2
250 247 0.05
250 52 0.2
250 344 0.01
250 345 0.01
250 346 0.05
58 295 0.01
58 347 0.01
58 59 0.2
58 57 0.2
348 349 0.01
350 351 0.01
352 353 0.01
354 70 0.05
355 20 0.05
271 356 0.05
271 292 0.2
271 113 0.2
357 358 0.05
357 359 0.2
357 360 0.2
357 361 0.01
269 316 0.2
107 108 0.05
107 362 0.05
107 363 0.2
107 102 0.2
107 105 0.01
107 100 0.05
184 186 0.01
184 183 0.05
184 364 0.2
184 201 0.01
184 202 0.2
184 185 0.01
184 180 0.01
184 199 0.2
184 365 0.2
184 182 0.05
184 181 0.01
184 179 0.05
314 366 0.01
367 53 0.05
182 185 0.2
182 202 0.2
182 184 0.2
368 369 0.05
370 371 0.01
370 372 0.2
373 374 0.05
373 375 0.2
373 376 0.01
377 277 0.01
249 52 0.01
249 53 0.2
249 176 0.01
378 324 0.01
231 379 0.01
231 380 0.2
231 381 0.05
231 382 0.05
231 52 0.05
231 265 0.2
231 383 0.05
231 20 0.2
231 384 0.01
385 295 0.2
386 387 0.2
349 348 0.01
227 338 0.2
227 110 0.01
227 261 0.05
227 52 0.05
227 327 0.05
227 41 0.2
227 51 0.05
227 224 0.2
43 388 0.05
43 389 0.2
390 37 0.2
390 228 0.05
391 392 0.01
130 128 0.05
130 262 0.01
393 394 0.01
166 395 0.2
166 143 0.05
166 165 0.01
396 185 0.05
396 262 0.05
396 397 0.2
396 111 0.01
396 105 0.2
396 398 0.2
396 110 0.01
399 104 0.2
400 401 0.01
400 402 0.05
206 205 0.05
206 403 0.01
404 405 0.01
106 100 0.01
106 51 0.01
106 104 0.05
106 101 0.01
106 108 0.2
106 102 0.01
406 407 0.2
406 339 0.2
401 400 0.05
401 408 0.2
401 409 0.05
410 411 0.05
412 53 0.01
185 365 0.01
185 202 0.05
185 179 0.05
185 413 0.01
185 266 0.01
185 414 0.2
185 183 0.2
185 310 0.01
185 201 0.01
185 396 0.05
185 415 0.05
185 416 0.05
185 149 0.01
185 150 0.2
185 180 0.01
185 417 0.05
185 418 0.2
185 184 0.01
185 419 0.05
185 200 0.01
185 182 0.01
185 186 0.2
37 163 0.01
37 283 0.2
37 420 0.01
37 51 0.05
37 32 0.01
37 228 0.01
37 20 0.05
37 52 0.2
37 421 0.05
37 44 0.01
37 53 0.2
37 323 0.2
37 422 0.01
37 36 0.05
37 299 0.2
37 390 0.05
423 310 0.2
358 359 0.01
358 357 0.2
358 361 0.01
358 360 0.2
405 404 0.2
241 240 0.2
316 222 0.01
316 424 0.01
316 53 0.2
316 314 0.05
316 50 0.05
316 111 0.05
316 218 0.01
316 110 0.2
316 224 0.01
316 425 0.2
316 426 0.2
316 427 0.01
316 217 0.01
316 232 0.01
316 428 0.01
270 429 0.05
430 431 0.05
432 433 0.05
434 196 0.2
434 435 0.01
436 437 0.01
438 20 0.01
279 278 0.01
279 439 0.01
228 44 0.2
228 283 0.01
228 37 0.2
228 420 0.2
228 390 0.05
440 441 0.2
440 333 0.01
63 62 0.05
442 319 0.2
443 444 0.01
443 445 0.2
443 446 0.01
443 447 0.2
443 448 0.05
443 449 0.01
443 276 0.05
443 450 0.01
443 451 0.05
443 452 0.05
443 319 0.05
443 453 0.2
454 327 0.05
265 281 0.01
265 264 0.05
265 116 0.01
265 231 0.05
265 20 0.2
265 455 0.05
265 456 0.01
265 44 0.01
265 282 0.2
457 458 0.01
457 14 0.05
457 459 0.01
457 460 0.01
457 461 0.2
230 249 0.05
462 463 0.2
464 116 0.05
150 417 0.01
150 200 0.05
150 465 0.01
150 202 0.01
150 149 0.01
150 185 0.2
150 199 0.01
466 116 0.05
467 468 0.01
469 102 0.05
310 261 0.01
310 185 0.2
310 433 0.2
310 470 0.2
310 65 0.2
310 423 0.05
20 52 0.2
20 471 0.2
20 472 0.2
20 311 0.01
20 70 0.05
20 473 0.05
20 265 0.2
20 153 0.01
20 128 0.2
20 474 0.2
20 382 0.05
20 46 0.01
20 475 0.2
20 476 0.05
20 33 0.05
20 455 0.01
20 114 0.2
20 477 0.05
20 286 0.2
20 320 0.2
20 264 0.01
20 49 0.05
20 478 0.01
20 384 0.01
20 158 0.05
20 342 0.2
20 479 0.2
20 239 0.01
20 339 0.01
20 38 0.2
20 480 0.05
20 415 0.2
20 280 0.01
20 481 0.01
20 116 0.01
20 379 0.2
20 482 0.05
20 53 0.2
20 37 0.2
20 483 0.05
20 484 0.05
20 32 0.01
20 355 0.01
20 485 0.01
20 486 0.2
20 487 0.05
20 488 0.05
20 438 0.01
20 36 0.2
20 44 0.01
20 34 0.01
20 489 0.2
20 490 0.2
20 231 0.05
20 407 0.05
20 383 0.01
20 381 0.01
20 298 0.05
20 491 0.2
492 493 0.01
170 169 0.01
170 171 0.2
202 182 0.2
202 199 0.01
202 417 0.2
202 185 0.2
202 149 0.05
202 150 0.2
494 495 0.05
496 333 0.2
496 497 0.2
498 499 0.01
498 500 0.01
498 36 0.2
501 502 0.2
353 352 0.2
503 504 0.05
503 204 0.05
359 361 0.01
359 360 0.05
359 357 0.01
359 358 0.2
361 360 0.05
361 357 0.05
361 359 0.01
361 358 0.05
505 466 0.2
428 316 0.2
506 507 0.05
506 508 0.2
509 510 0.05
44 20 0.01
44 427 0.01
44 33 0.2
44 116 0.2
44 511 0.2
44 32 0.01
44 115 0.2
44 47 0.05
44 43 0.01
44 52 0.01
44 281 0.2
44 46 0.01
44 228 0.05
44 265 0.01
44 37 0.01
44 264 0.01
44 283 0.2
44 53 0.05
44 51 0.05
44 282 0.01
44 512 0.2
44 455 0.01
44 36 0.2
513 38 0.05
95 93 0.01
95 94 0.2
95 52 0.05
95 514 0.05
157 155 0.05
387 250 0.05
387 386 0.05
515 516 0.2
517 333 0.05
518 519 0.2
518 520 0.2
518 521 0.2
518 522 0.05
518 236 0.2
518 523 0.01
50 32 0.2
50 339 0.05
50 250 0.05
50 218 0.2
50 52 0.05
50 222 0.2
50 316 0.05
476 20 0.2
476 524 0.05
262 261 0.01
262 105 0.2
262 130 0.2
262 397 0.05
525 407 0.01
200 199 0.2
200 149 0.05
200 417 0.2
200 185 0.05
200 150 0.2
526 193 0.05
526 65 0.05
526 36 0.2
526 190 0.2
223 52 0.2
527 528 0.2
527 529 0.2
527 530 0.01
531 475 0.05
531 487 0.05
531 532 0.01
531 533 0.01
534 535 0.01
536 537 0.01
379 382 0.01
379 20 0.01
379 538 0.05
379 231 0.01
379 472 0.2
472 20 0.01
472 379 0.2
475 487 0.01
475 539 0.05
475 533 0.2
475 531 0.01
475 540 0.05
475 20 0.05
475 541 0.2
475 532 0.01
542 153 0.2
543 261 0.05
544 545 0.01
392 546 0.05
547 548 0.2
53 46 0.01
53 115 0.05
53 6 0.2
53 549 0.2
53 367 0.01
53 316 0.2
53 336 0.2
53 51 0.05
53 550 0.05
53 128 0.2
53 158 0.2
53 7 0.05
53 37 0.2
53 204 0.01
53 401 0.05
53 52 0.05
53 412 0.2
53 472 0.2
53 551 0.2
53 45 0.05
53 20 0.05
53 36 0.2
552 45 0.01
552 53 0.01
552 401 0.05
552 176 0.01
552 549 0.2
335 233 0.2
553 554 0.01
553 555 0.05
553 556 0.05
553 557 0.05
558 49 0.01
266 264 0.2
266 36 0.2
266 512 0.2
56 54 0.01
540 533 0.05
540 532 0.2
540 475 0.01
540 487 0.05
540 531 0.2
198 196 0.01
559 560 0.05
561 562 0.05
563 546 0.01
564 565 0.01
564 566 0.05
567 65 0.01
567 224 0.2
568 258 0.05
568 31 0.2
568 488 0.01
569 570 0.2
569 154 0.05
571 493 0.2
572 44 0.05
572 312 0.05
551 53 0.01
551 319 0.01
551 44 0.01
551 573 0.01
499 498 0.2
574 356 0.2
574 497 0.2
575 576 0.01
441 333 0.2
577 24 0.2
115 114 0.2
115 281 0.01
115 44 0.05
115 330 0.05
578 579 0.05
580 581 0.2
382 379 0.01
582 450 0.2
431 583 0.05
431 430 0.2
319 110 0.05
319 189 0.05
319 442 0.2
319 261 0.2
584 51 0.05
145 144 0.01
51 36 0.01
51 45 0.05
51 37 0.2
51 224 0.01
51 46 0.01
51 52 0.05
51 49 0.01
51 20 0.01
51 227 0.2
51 40 0.05
51 225 0.01
51 584 0.01
51 106 0.2
51 111 0.05
51 53 0.2
51 337 0.01
51 41 0.2
51 32 0.2
273 272 0.2
273 274 0.01
585 586 0.2
421 381 0.2
421 584 0.2
421 228 0.01
421 420 0.01
421 37 0.01
421 379 0.01
421 390 0.2
421 255 0.01
587 34 0.2
588 589 0.2
81 590 0.01
81 591 0.2
592 593 0.05
592 594 0.05
75 74 0.05
156 157 0.2
156 155 0.05
102 100 0.05
102 108 0.01
102 104 0.01
102 105 0.2
102 469 0.2
102 101 0.01
102 111 0.2
102 106 0.05
102 107 0.05
595 596 0.01
597 598 0.05
599 463 0.2
599 351 0.2
201 186 0.01
201 365 0.01
201 417 0.01
201 185 0.05
201 600 0.2
201 465 0.2
601 268 0.01
601 233 0.01
602 427 0.2
327 454 0.05
327 261 0.2
327 227 0.01
327 338 0.2
327 189 0.05
603 604 0.2
414 185 0.05
414 184 0.2
372 370 0.05
605 252 0.01
606 221 0.05
606 65 0.01
606 375 0.01
607 578 0.01
607 579 0.2
546 563 0.2
546 608 0.2
282 116 0.2
609 216 0.01
110 338 0.05
110 558 0.05
110 107 0.05
110 105 0.2
110 108 0.05
110 337 0.01
110 224 0.05
110 6 0.05
110 52 0.01
110 327 0.01
110 100 0.01
110 261 0.05
110 397 0.01
110 227 0.05
110 7 0.01
110 20 0.05
110 336 0.01
610 611 0.01
612 241 0.01
612 537 0.01
426 232 0.2
426 375 0.01
66 189 0.05
329 613 0.05
329 328 0.2
573 319 0.01
573 102 0.01
614 615 0.01
186 600 0.05
186 616 0.05
186 179 0.01
186 201 0.2
186 365 0.01
617 618 0.01
617 619 0.2
620 552 0.05
236 234 0.2
312 190 0.2
312 621 0.05
312 572 0.01
312 311 0.2
622 623 0.05
624 250 0.01
625 205 0.2
626 85 0.01
626 627 0.05
626 583 0.01
626 628 0.05
626 319 0.2
195 194 0.2
190 52 0.01
190 312 0.01
190 629 0.01
190 188 0.01
190 65 0.2
190 70 0.05
167 143 0.01
630 631 0.05
632 274 0.05
451 240 0.05
451 443 0.2
539 475 0.01
510 509 0.01
109 255 0.05
109 193 0.05
109 511 0.01
109 44 0.05
109 633 0.01
109 100 0.05
109 541 0.01
109 475 0.2
634 213 0.2
634 635 0.2
634 636 0.01
637 638 0.01
637 639 0.2
637 41 0.05
325 189 0.2
325 227 0.05
640 250 0.01
640 105 0.2
640 327 0.01
640 110 0.2
640 261 0.2
293 291 0.05
293 531 0.01
293 487 0.05
293 641 0.2
293 642 0.2
643 644 0.05
127 265 0.2
127 126 0.2
127 645 0.2
108 100 0.2
108 110 0.2
108 107 0.2
108 106 0.01
108 111 0.01
108 102 0.2
623 622 0.05
623 53 0.05
276 366 0.01
14 70 0.05
14 325 0.05
38 20 0.05
38 47 0.2
38 135 0.2
38 52 0.05
38 46 0.01
38 45 0.05
38 513 0.01
38 36 0.2
38 339 0.01
38 37 0.05
38 646 0.2
38 647 0.05
38 33 0.2
38 49 0.05
38 32 0.01
38 648 0.2
389 43 0.01
389 388 0.05
181 185 0.05
181 180 0.05
181 201 0.01
181 184 0.2
181 365 0.01
181 186 0.2
181 179 0.2
649 650 0.05
221 52 0.01
221 334 0.2
619 651 0.05
619 336 0.2
619 652 0.01
562 561 0.2
562 653 0.2
654 655 0.05
656 657 0.2
283 228 0.05
283 37 0.2
283 281 0.01
283 512 0.2
283 44 0.2
283 264 0.01
283 33 0.2
658 530 0.2
659 452 0.2
471 20 0.01
594 593 0.05
213 65 0.2
615 614 0.2
455 265 0.05
455 116 0.2
455 20 0.01
261 640 0.05
261 189 0.05
261 70 0.05
261 227 0.01
261 310 0.01
261 319 0.05
261 262 0.2
261 263 0.05
261 161 0.01
261 327 0.05
261 336 0.01
261 485 0.2
261 110 0.05
261 338 0.2
660 661 0.01
548 662 0.2
548 663 0.01
548 547 0.01
68 664 0.05
665 666 0.2
653 561 0.2
653 562 0.05
482 667 0.2
482 517 0.01
482 20 0.05
500 36 0.01
663 548 0.2
663 547 0.01
668 359 0.05
413 202 0.2
413 182 0.2
413 185 0.05
33 669 0.2
33 168 0.2
33 670 0.01
33 80 0.2
33 671 0.2
33 672 0.05
33 32 0.2
33 20 0.05
33 283 0.01
33 34 0.2
33 673 0.2
33 218 0.01
33 38 0.01
33 44 0.2
33 36 0.2
33 46 0.2
33 52 0.2
33 114 0.2
33 116 0.01
2 471 0.05
2 1 0.2
47 53 0.01
47 46 0.2
47 674 0.2
47 32 0.2
47 52 0.05
47 45 0.2
47 34 0.01
47 36 0.01
47 20 0.01
47 37 0.2
47 38 0.2
47 116 0.01
47 44 0.05
47 33 0.01
47 51 0.2
47 251 0.05
47 42 0.2
675 11 0.2
676 90 0.2
669 33 0.05
677 678 0.2
677 679 0.01
677 680 0.01
677 395 0.2
677 32 0.05
677 681 0.01
682 274 0.01
683 632 0.2
683 684 0.05
683 274 0.05
683 272 0.05
683 666 0.2
289 288 0.2
488 20 0.2
41 51 0.01
41 639 0.05
41 224 0.05
41 227 0.01
41 52 0.2
41 338 0.01
41 638 0.01
685 487 0.05
336 224 0.05
336 686 0.01
336 52 0.01
336 337 0.2
336 53 0.2
627 392 0.2
627 322 0.05
687 688 0.05
689 34 0.2
689 181 0.01
689 115 0.01
689 114 0.01
690 691 0.01
362 381 0.2
362 301 0.01
362 467 0.05
362 107 0.05
362 395 0.05
362 20 0.05
362 692 0.01
362 139 0.01
362 693 0.05
362 486 0.2
362 319 0.2
593 594 0.2
593 694 0.05
647 38 0.05
695 113 0.05
417 202 0.05
417 200 0.05
417 150 0.05
417 201 0.01
417 185 0.05
417 149 0.01
450 141 0.05
450 582 0.05
450 443 0.2
696 697 0.01
696 698 0.01
142 137 0.01
142 699 0.01
220 52 0.2
535 534 0.01
535 700 0.2
70 71 0.2
70 327 0.2
70 261 0.05
193 526 0.05
193 192 0.2
193 109 0.01
277 275 0.2
277 276 0.01
277 701 0.01
277 377 0.05
463 462 0.05
375 702 0.05
375 49 0.05
375 703 0.01
704 487 0.01
704 531 0.2
243 187 0.01
243 242 0.2
705 706 0.2
705 249 0.2
360 357 0.05
360 359 0.01
360 361 0.01
360 358 0.05
254 707 0.2
384 20 0.01
39 32 0.2
366 314 0.2
366 136 0.2
629 190 0.2
433 432 0.2
433 327 0.05
433 708 0.05
433 250 0.05
433 310 0.01
433 105 0.01
103 104 0.2
103 100 0.2
684 683 0.05
616 186 0.2
286 20 0.01
286 709 0.01
710 711 0.01
712 713 0.2
644 643 0.01
644 318 0.05
714 715 0.05
714 716 0.05
714 717 0.01
714 718 0.05
714 719 0.2
714 720 0.05
714 721 0.05
714 595 0.01
714 452 0.05
714 293 0.01
714 722 0.01
714 723 0.05
714 724 0.01
714 725 0.2
714 726 0.2
714 154 0.05
727 728 0.01
727 729 0.01
560 559 0.01
407 20 0.01
407 525 0.2
407 730 0.2
407 53 0.05
407 339 0.2
29 731 0.01
29 28 0.01
35 52 0.2
35 32 0.01
576 732 0.05
576 269 0.2
576 575 0.2
576 733 0.2
306 65 0.05
734 190 0.2
735 736 0.05
737 738 0.05
541 533 0.2
541 475 0.2
541 540 0.05
541 487 0.01
490 20 0.01
307 65 0.2
739 740 0.05
741 742 0.01
232 52 0.01
232 316 0.01
232 428 0.01
232 217 0.2
730 407 0.2
460 743 0.2
460 457 0.01
744 533 0.01
744 273 0.05
744 595 0.05
744 719 0.01
524 476 0.2
46 44 0.2
46 47 0.05
46 53 0.2
46 43 0.01
46 45 0.2
46 52 0.2
46 34 0.2
46 224 0.01
46 32 0.05
46 33 0.05
46 20 0.01
46 51 0.05
46 96 0.01
46 36 0.2
46 49 0.05
46 264 0.01
46 549 0.01
46 114 0.05
46 745 0.01
46 38 0.01
487 746 0.2
487 540 0.01
487 533 0.05
487 325 0.2
487 290 0.05
487 704 0.05
487 475 0.05
487 532 0.2
487 531 0.01
487 102 0.2
487 541 0.01
487 747 0.05
487 748 0.05
487 642 0.2
487 539 0.01
487 749 0.05
487 20 0.2
101 102 0.01
101 104 0.05
101 105 0.2
101 750 0.01
101 106 0.01
101 100 0.01
711 710 0.2
711 39 0.05
239 751 0.01
239 20 0.2
239 752 0.01
239 753 0.05
239 238 0.05
45 46 0.01
45 47 0.01
45 284 0.05
45 34 0.01
45 754 0.2
45 32 0.2
45 53 0.01
161 261 0.2
161 110 0.05
161 224 0.2
661 530 0.05
661 528 0.2
363 337 0.01
363 107 0.01
363 52 0.05
363 104 0.05
274 682 0.2
274 272 0.05
274 632 0.01
274 273 0.01
755 756 0.05
757 758 0.05
757 759 0.01
757 61 0.2
90 88 0.01
760 36 0.05
760 761 0.05
708 762 0.01
708 433 0.05
708 401 0.05
708 763 0.2
708 442 0.01
708 759 0.01
26 25 0.01
309 65 0.2
731 29 0.05
655 654 0.2
22 764 0.01
22 23 0.05
22 21 0.2
116 464 0.2
116 281 0.01
116 255 0.2
116 20 0.2
116 282 0.2
116 429 0.01
116 512 0.05
116 466 0.2
116 53 0.2
116 455 0.2
116 256 0.01
116 765 0.05
116 114 0.01
116 33 0.05
116 766 0.01
116 44 0.01
116 265 0.01
116 264 0.01
116 36 0.05
767 94 0.05
7 6 0.01
7 261 0.05
768 769 0.2
768 770 0.01
408 488 0.05
408 14 0.01
408 401 0.2
408 241 0.01
408 20 0.01
248 247 0.05
771 772 0.05
256 116 0.05
256 255 0.2
256 281 0.2
583 773 0.01
427 762 0.2
427 43 0.2
427 686 0.05
427 218 0.05
427 774 0.05
427 117 0.2
427 222 0.05
427 602 0.05
427 44 0.05
427 316 0.2
427 53 0.2
427 775 0.05
427 550 0.01
621 312 0.01
533 532 0.05
533 487 0.01
480 20 0.01
171 170 0.2
268 267 0.01
268 601 0.2
333 440 0.01
333 517 0.05
333 332 0.2
333 496 0.2
333 497 0.05
333 441 0.01
333 776 0.2
777 428 0.2
532 475 0.05
532 533 0.05
474 20 0.01
474 32 0.01
474 778 0.01
474 779 0.05
530 527 0.01
530 528 0.2
530 529 0.01
530 661 0.01
530 780 0.05
530 658 0.01
781 647 0.05
782 666 0.05
700 535 0.05
700 534 0.05
783 784 0.01
59 58 0.01
59 337 0.2
141 779 0.01
141 147 0.01
141 137 0.2
141 450 0.2
785 786 0.05
197 196 0.05
780 530 0.05
787 788 0.2
104 103 0.05
104 100 0.2
104 426 0.05
104 111 0.05
104 549 0.01
104 101 0.2
104 102 0.05
104 106 0.05
104 401 0.2
104 399 0.05
104 105 0.05
104 363 0.05
138 137 0.01
138 789 0.2
790 336 0.01
790 46 0.05
639 41 0.01
791 666 0.01
792 497 0.2
579 793 0.01
579 578 0.2
579 794 0.05
579 607 0.05
356 271 0.05
334 221 0.05
795 501 0.05
796 797 0.2
478 14 0.05
478 20 0.01
478 798 0.01
799 800 0.2
799 801 0.2
799 164 0.01
799 488 0.2
799 802 0.01
799 154 0.05
799 803 0.05
799 153 0.2
799 147 0.2
799 134 0.05
804 65 0.05
804 213 0.2
347 58 0.05
180 186 0.05
180 179 0.05
180 184 0.2
180 185 0.01
180 183 0.01
180 317 0.2
180 181 0.05
180 365 0.01
180 199 0.01
180 182 0.01
180 202 0.05
180 364 0.2
477 58 0.05
477 20 0.01
477 53 0.05
140 805 0.05
140 137 0.05
403 206 0.01
191 719 0.05
191 188 0.2
191 265 0.2
295 806 0.05
295 385 0.2
565 566 0.2
807 808 0.05
807 719 0.01
645 778 0.2
809 666 0.05
810 176 0.2
94 52 0.05
94 767 0.2
94 95 0.05
94 93 0.05
811 812 0.05
811 269 0.2
811 497 0.2
811 813 0.01
528 530 0.2
183 180 0.05
183 417 0.01
183 179 0.05
183 185 0.05
814 815 0.05
61 32 0.01
61 379 0.2
61 759 0.01
61 816 0.05
61 60 0.01
61 817 0.01
61 20 0.01
61 274 0.2
61 818 0.05
61 268 0.01
61 758 0.01
411 410 0.01
481 819 0.01
481 20 0.05
481 820 0.01
753 239 0.2
297 821 0.05
297 225 0.2
297 822 0.05
297 296 0.05
822 297 0.01
154 153 0.01
823 73 0.05
337 51 0.2
337 336 0.01
337 224 0.05
40 52 0.2
176 810 0.2
176 249 0.2
176 552 0.05
176 173 0.01
762 36 0.05
824 825 0.2
824 276 0.01
497 811 0.2
497 496 0.2
497 333 0.01
226 223 0.2
226 52 0.01
826 802 0.01
821 225 0.05
821 297 0.2
641 293 0.01
691 690 0.05
691 250 0.05
691 260 0.01
827 828 0.05
827 55 0.2
827 54 0.2
674 47 0.05
825 190 0.05
415 185 0.2
415 20 0.01
489 481 0.01
489 20 0.01
829 830 0.05
36 760 0.01
36 52 0.01
36 526 0.01
36 762 0.05
36 51 0.05
36 266 0.05
36 46 0.01
36 44 0.2
36 20 0.01
36 498 0.05
36 33 0.05
36 32 0.01
36 264 0.05
36 500 0.2
36 49 0.05
36 831 0.05
36 37 0.05
36 323 0.2
36 116 0.05
36 53 0.2
36 34 0.01
832 833 0.01
832 834 0.05
835 836 0.2
835 262 0.01
835 432 0.05
837 838 0.2
839 840 0.2
73 72 0.01
73 823 0.05
73 841 0.01
73 20 0.01
470 423 0.05
470 310 0.01
842 838 0.01
838 837 0.01
840 77 0.05
840 839 0.01
422 37 0.2
422 115 0.01
149 133 0.05
149 200 0.05
149 150 0.01
149 202 0.2
149 185 0.05
149 417 0.05
149 199 0.05
420 228 0.2
420 37 0.2
301 324 0.05
702 375 0.05
222 427 0.05
222 50 0.01
222 218 0.01
222 316 0.05
843 844 0.05
845 647 0.05
845 258 0.05
845 356 0.2
473 20 0.05
831 36 0.01
846 847 0.2
42 284 0.05
42 32 0.05
42 47 0.05
42 456 0.05
42 52 0.01
246 244 0.05
701 277 0.05
794 579 0.2
409 401 0.2
848 727 0.05
848 729 0.05
848 728 0.05
849 185 0.01
754 45 0.2
850 851 0.2
852 853 0.05
854 855 0.01
856 292 0.01
856 857 0.01
856 241 0.01
716 714 0.01
479 20 0.2
858 14 0.01
324 301 0.01
324 378 0.01
324 189 0.05
324 261 0.01
364 365 0.2
364 182 0.01
364 180 0.05
859 682 0.2
859 860 0.05
859 861 0.05
859 862 0.05
863 864 0.01
865 866 0.05
867 868 0.01
869 318 0.05
870 869 0.2
870 318 0.01
217 871 0.01
217 232 0.01
217 52 0.05
217 424 0.05
872 497 0.05
49 558 0.2
49 52 0.05
49 375 0.05
49 46 0.05
49 32 0.2
49 20 0.2
49 51 0.05
49 37 0.01
745 46 0.05
152 151 0.05
461 457 0.05
873 497 0.01
873 277 0.01
873 269 0.2
873 496 0.05
873 502 0.2
873 874 0.05
136 366 0.01
64 62 0.2
64 559 0.2
225 296 0.01
225 51 0.2
225 52 0.05
225 297 0.05
225 218 0.01
225 203 0.01
365 182 0.2
365 201 0.05
365 364 0.05
365 180 0.2
365 185 0.01
365 186 0.2
365 184 0.01
485 116 0.2
485 20 0.2
485 261 0.2
