1 14 0.05
1 41 0.01
2 4 0.01
2 9 0.01
2 10 0.01
2 21 0.01
2 25 0.05
2 32 0.01
2 38 0.2
2 48 0.2
2 49 0.2
2 51 0.01
2 56 0.05
2 62 0.01
2 70 0.2
2 73 0.01
2 75 0.01
2 85 0.2
2 87 0.01
2 95 0.01
2 99 0.01
3 11 0.05
3 61 0.05
3 76 0.01
4 9 0.01
4 23 0.05
4 34 0.01
4 44 0.2
4 51 0.2
4 60 0.05
4 62 0.01
4 81 0.05
4 85 0.01
4 91 0.05
6 12 0.05
6 34 0.2
6 52 0.05
6 54 0.01
6 80 0.01
6 88 0.01
6 92 0.2
7 29 0.2
8 21 0.2
8 22 0.2
8 70 0.2
9 12 0.01
9 23 0.05
9 33 0.01
9 38 0.05
9 44 0.05
9 46 0.2
9 51 0.05
9 56 0.05
9 57 0.05
9 63 0.05
9 72 0.2
9 73 0.05
9 82 0.2
9 85 0.05
9 95 0.05
9 101 0.2
10 22 0.01
10 38 0.2
10 49 0.01
10 50 0.2
10 68 0.01
10 76 0.2
10 82 0.01
10 101 0.01
11 61 0.05
15 37 0.05
15 48 0.01
15 71 0.2
15 91 0.2
16 17 0.2
16 18 0.05
16 33 0.2
16 36 0.01
16 39 0.01
16 64 0.01
16 66 0.05
16 76 0.01
16 78 0.05
16 90 0.01
17 39 0.2
17 66 0.05
17 78 0.2
17 90 0.05
18 26 0.2
18 33 0.2
18 42 0.05
18 59 0.01
18 74 0.01
18 78 0.2
18 93 0.2
18 94 0.2
19 22 0.2
19 50 0.2
20 38 0.01
20 83 0.05
21 22 0.05
21 24 0.2
21 32 0.01
21 33 0.05
21 49 0.2
21 51 0.05
21 56 0.01
21 70 0.01
21 87 0.01
21 95 0.2
21 99 0.2
21 101 0.05
23 27 0.01
23 51 0.05
23 81 0.05
23 85 0.2
23 87 0.2
23 96 0.01
25 38 0.01
25 40 0.05
25 49 0.01
25 56 0.05
25 83 0.01
25 85 0.2
25 95 0.2
25 99 0.2
26 42 0.01
26 59 0.01
26 68 0.05
26 74 0.05
26 78 0.01
26 93 0.2
26 94 0.2
27 51 0.01
28 35 0.05
30 33 0.01
30 100 0.01
32 49 0.05
32 56 0.05
32 70 0.05
32 82 0.05
32 87 0.05
32 95 0.05
32 99 0.05
33 42 0.05
33 51 0.05
33 54 0.05
33 59 0.01
33 72 0.05
33 74 0.01
33 78 0.2
33 93 0.01
33 94 0.05
33 95 0.05
34 49 0.01
34 54 0.01
34 68 0.01
34 70 0.05
36 53 0.01
37 44 0.01
37 60 0.01
37 71 0.01
37 81 0.2
37 91 0.05
38 40 0.05
38 46 0.2
38 49 0.2
38 51 0.2
38 56 0.01
38 72 0.2
38 82 0.01
38 83 0.05
38 86 0.2
38 87 0.01
38 92 0.05
38 95 0.2
38 98 0.05
38 99 0.05
39 61 0.05
39 78 0.05
39 90 0.2
40 54 0.05
40 83 0.2
40 88 0.2
40 92 0.05
41 65 0.2
42 59 0.05
42 78 0.2
42 93 0.05
42 94 0.05
43 99 0.2
44 51 0.2
44 60 0.2
46 47 0.05
46 49 0.2
46 51 0.01
46 67 0.01
46 87 0.05
46 97 0.2
46 101 0.05
48 91 0.01
49 56 0.2
49 68 0.2
49 70 0.01
49 82 0.01
49 95 0.05
49 99 0.01
49 101 0.01
50 72 0.01
50 82 0.01
51 54 0.01
51 63 0.2
51 72 0.2
51 75 0.2
51 86 0.05
51 87 0.2
51 95 0.05
51 96 0.05
52 54 0.05
52 80 0.01
52 88 0.2
52 89 0.01
52 92 0.05
54 63 0.01
54 72 0.2
54 80 0.05
54 88 0.2
54 89 0.2
54 92 0.01
56 63 0.2
56 66 0.05
56 70 0.01
56 82 0.05
56 95 0.05
56 99 0.05
57 69 0.01
58 69 0.2
58 77 0.2
59 74 0.05
59 78 0.01
59 93 0.05
59 94 0.01
60 71 0.01
62 81 0.01
63 72 0.2
63 91 0.01
64 70 0.05
66 78 0.2
66 82 0.01
67 101 0.01
68 82 0.01
68 100 0.01
68 101 0.01
70 87 0.01
70 95 0.05
70 99 0.05
73 85 0.05
74 93 0.2
75 87 0.01
75 96 0.01
75 99 0.2
76 82 0.2
77 93 0.2
78 90 0.2
78 93 0.01
78 94 0.05
79 83 0.2
80 88 0.01
80 89 0.05
80 92 0.2
81 82 0.2
82 99 0.2
82 101 0.2
83 95 0.05
83 98 0.01
87 95 0.05
87 96 0.05
87 97 0.2
87 99 0.01
88 89 0.01
88 92 0.01
89 92 0.2
93 94 0.01
95 98 0.05
95 99 0.2
96 97 0.05
46 102 0.01
101 102 0.05
2 103 0.2
21 103 0.05
25 103 0.2
32 103 0.01
49 103 0.01
56 103 0.2
62 103 0.2
70 103 0.2
75 103 0.01
87 103 0.05
95 103 0.05
99 103 0.01
12 104 0.05
39 104 0.2
55 104 0.05
74 104 0.01
94 104 0.2
24 105 0.01
95 105 0.05
5 106 0.01
2 107 0.2
4 107 0.01
23 107 0.01
62 107 0.05
85 107 0.2
23 108 0.2
49 108 0.05
51 108 0.2
75 108 0.2
87 108 0.2
96 108 0.2
99 108 0.01
10 109 0.01
22 109 0.05
33 109 0.2
38 109 0.01
46 109 0.01
50 109 0.05
51 109 0.01
68 109 0.05
72 109 0.05
82 109 0.05
100 109 0.2
23 110 0.05
27 110 0.05
51 110 0.01
56 110 0.01
66 110 0.05
87 110 0.2
18 111 0.2
26 111 0.05
33 111 0.05
42 111 0.05
59 111 0.05
68 111 0.01
74 111 0.05
78 111 0.01
93 111 0.05
94 111 0.05
12 112 0.05
34 112 0.01
55 112 0.2
16 113 0.01
39 113 0.05
64 113 0.05
66 113 0.05
78 113 0.01
90 113 0.2
23 114 0.05
34 114 0.01
37 114 0.01
48 114 0.05
56 114 0.01
62 114 0.01
81 114 0.2
14 115 0.05
19 115 0.01
4 116 0.05
62 116 0.01
60 117 0.2
9 118 0.01
23 118 0.2
27 118 0.01
36 118 0.01
46 118 0.2
51 118 0.05
56 118 0.05
85 118 0.05
95 118 0.05
96 118 0.2
21 119 0.01
22 119 0.2
72 119 0.01
3 120 0.05
16 120 0.01
17 120 0.01
39 120 0.2
61 120 0.2
64 120 0.2
66 120 0.2
78 120 0.2
90 120 0.01
1 124 0.2
10 124 0.01
22 124 0.05
50 124 0.2
68 124 0.01
82 124 0.01
90 124 0.01
2 125 0.2
20 125 0.01
21 125 0.2
25 125 0.05
32 125 0.05
38 125 0.2
49 125 0.05
56 125 0.01
70 125 0.05
83 125 0.2
87 125 0.01
95 125 0.05
99 125 0.01
37 126 0.05
44 126 0.2
60 126 0.2
71 126 0.2
18 128 0.2
33 128 0.01
59 128 0.01
74 128 0.01
78 128 0.05
93 128 0.01
94 128 0.05
16 129 0.05
5 130 0.05
43 131 0.01
24 133 0.2
57 133 0.01
34 134 0.01
49 134 0.05
70 134 0.05
12 135 0.2
26 135 0.2
33 135 0.01
42 135 0.05
74 135 0.01
78 135 0.01
84 135 0.05
93 135 0.05
94 135 0.2
18 136 0.2
26 136 0.01
33 136 0.01
42 136 0.05
59 136 0.05
70 136 0.05
78 136 0.2
93 136 0.05
94 136 0.01
44 137 0.01
51 137 0.01
58 137 0.05
60 137 0.01
69 137 0.05
77 137 0.2
2 138 0.2
23 138 0.2
46 138 0.2
51 138 0.05
75 138 0.01
87 138 0.05
95 138 0.01
96 138 0.05
16 141 0.2
17 141 0.05
78 141 0.01
18 142 0.05
26 142 0.01
33 142 0.01
42 142 0.05
59 142 0.01
74 142 0.2
78 142 0.01
93 142 0.2
94 142 0.05
18 144 0.01
26 144 0.05
33 144 0.05
42 144 0.2
59 144 0.01
74 144 0.05
78 144 0.05
93 144 0.01
94 144 0.2
2 145 0.05
4 145 0.01
9 145 0.05
21 145 0.05
23 145 0.01
25 145 0.05
38 145 0.05
49 145 0.05
51 145 0.05
56 145 0.05
70 145 0.05
82 145 0.01
85 145 0.05
99 145 0.01
2 146 0.01
21 146 0.05
23 146 0.05
49 146 0.2
59 146 0.01
70 146 0.01
74 146 0.01
87 146 0.05
95 146 0.01
99 146 0.01
16 147 0.2
17 147 0.05
39 147 0.05
66 147 0.05
78 147 0.01
90 147 0.2
1 148 0.05
14 148 0.2
41 148 0.01
2 149 0.2
49 149 0.01
53 149 0.05
56 149 0.05
70 149 0.2
99 149 0.01
23 150 0.2
51 150 0.05
75 150 0.05
87 150 0.05
95 150 0.2
96 150 0.2
2 151 0.05
21 151 0.05
25 151 0.2
32 151 0.2
38 151 0.05
49 151 0.05
56 151 0.05
70 151 0.05
95 151 0.2
99 151 0.05
3 152 0.2
30 152 0.2
4 153 0.01
10 153 0.01
48 153 0.05
81 153 0.01
98 153 0.05
99 153 0.2
16 154 0.2
17 154 0.2
72 154 0.01
18 155 0.2
26 155 0.05
33 155 0.2
42 155 0.2
46 155 0.01
59 155 0.05
78 155 0.01
93 155 0.01
94 155 0.01
10 156 0.2
21 156 0.05
22 156 0.05
67 156 0.01
68 156 0.2
18 158 0.2
26 158 0.2
33 158 0.2
42 158 0.01
59 158 0.05
74 158 0.2
78 158 0.05
93 158 0.05
94 158 0.2
10 159 0.05
16 159 0.01
54 159 0.2
66 159 0.01
76 159 0.05
90 159 0.2
52 160 0.01
88 160 0.05
89 160 0.05
92 160 0.01
16 161 0.05
64 161 0.2
78 161 0.2
90 161 0.2
6 162 0.05
38 162 0.05
40 162 0.2
52 162 0.2
54 162 0.2
80 162 0.05
88 162 0.2
89 162 0.01
92 162 0.2
28 163 0.05
35 163 0.05
16 164 0.05
17 164 0.01
34 164 0.01
39 164 0.05
66 164 0.01
78 164 0.05
90 164 0.01
16 165 0.05
17 165 0.01
39 165 0.2
64 165 0.01
66 165 0.05
78 165 0.2
90 165 0.2
2 166 0.2
21 166 0.01
25 166 0.01
49 166 0.2
56 166 0.05
70 166 0.01
87 166 0.01
31 168 0.05
58 168 0.01
10 169 0.05
16 169 0.05
19 169 0.01
66 169 0.05
76 169 0.05
18 170 0.05
21 170 0.01
24 170 0.05
99 171 0.2
37 172 0.2
60 172 0.2
31 173 0.05
58 173 0.2
69 173 0.05
26 174 0.01
33 174 0.01
42 174 0.05
59 174 0.2
70 174 0.05
78 174 0.2
93 174 0.05
94 174 0.05
2 175 0.01
23 175 0.01
51 175 0.05
74 175 0.2
75 175 0.01
87 175 0.2
95 175 0.05
96 175 0.2
1 176 0.05
8 176 0.05
50 176 0.01
68 177 0.01
80 177 0.2
16 178 0.05
17 178 0.2
39 178 0.2
78 178 0.01
90 178 0.05
69 179 0.2
2 180 0.05
21 180 0.2
32 180 0.01
49 180 0.05
56 180 0.05
70 180 0.01
75 180 0.01
87 180 0.05
95 180 0.05
99 180 0.2
2 181 0.05
9 181 0.01
21 181 0.05
32 181 0.01
38 181 0.2
49 181 0.01
56 181 0.01
65 181 0.01
70 181 0.2
73 181 0.05
83 181 0.01
87 181 0.01
95 181 0.01
99 181 0.01
16 184 0.05
17 184 0.2
39 184 0.01
66 184 0.2
78 184 0.2
90 184 0.05
3 186 0.2
5 186 0.01
7 186 0.05
9 186 0.05
15 186 0.05
20 186 0.01
29 186 0.05
30 186 0.01
33 186 0.01
38 186 0.01
42 186 0.05
56 186 0.05
57 186 0.01
61 186 0.2
63 186 0.2
78 186 0.01
81 186 0.2
83 186 0.2
33 187 0.2
59 187 0.01
82 187 0.05
25 188 0.01
58 188 0.01
69 188 0.2
77 188 0.05
93 188 0.01
94 188 0.2
2 189 0.01
21 189 0.2
22 189 0.05
32 189 0.01
49 189 0.01
56 189 0.2
70 189 0.05
87 189 0.05
95 189 0.01
99 189 0.01
101 189 0.2
50 190 0.2
72 190 0.01
29 191 0.01
42 191 0.2
52 192 0.05
54 192 0.2
80 192 0.01
88 192 0.01
89 192 0.01
92 192 0.01
3 193 0.2
20 193 0.01
78 193 0.2
3 194 0.01
20 194 0.01
30 194 0.01
34 194 0.2
41 194 0.2
55 195 0.05
10 196 0.2
21 196 0.2
50 196 0.01
68 196 0.05
82 196 0.05
100 196 0.05
101 196 0.05
1 198 0.05
81 198 0.2
9 199 0.05
23 199 0.05
27 199 0.2
38 199 0.2
51 199 0.01
72 199 0.2
85 199 0.2
86 199 0.05
87 199 0.01
95 199 0.05
96 199 0.01
18 200 0.05
26 200 0.2
33 200 0.2
42 200 0.01
59 200 0.2
78 200 0.01
93 200 0.01
94 200 0.01
10 201 0.05
22 201 0.05
33 201 0.01
50 201 0.2
68 201 0.01
82 201 0.05
100 201 0.2
9 202 0.01
21 202 0.2
23 202 0.01
27 202 0.2
51 202 0.05
56 202 0.2
62 202 0.01
73 202 0.01
75 202 0.2
81 202 0.2
85 202 0.2
87 202 0.2
96 202 0.05
99 202 0.01
31 203 0.05
77 203 0.01
93 203 0.2
2 204 0.05
9 204 0.05
10 204 0.2
33 204 0.05
46 204 0.05
67 204 0.05
68 204 0.2
82 204 0.01
101 204 0.01
6 205 0.01
40 205 0.2
52 205 0.05
80 205 0.2
88 205 0.2
92 205 0.2
1 206 0.2
10 206 0.2
14 206 0.05
33 206 0.01
38 206 0.2
50 206 0.05
68 206 0.01
82 206 0.05
100 206 0.01
50 208 0.01
68 208 0.05
72 208 0.2
82 208 0.2
100 208 0.05
2 209 0.2
23 209 0.01
43 209 0.05
49 209 0.2
51 209 0.05
58 209 0.01
75 209 0.05
87 209 0.05
2 211 0.2
9 211 0.01
21 211 0.01
25 211 0.05
32 211 0.01
34 211 0.01
38 211 0.01
49 211 0.05
51 211 0.2
56 211 0.05
70 211 0.2
75 211 0.2
79 211 0.05
82 211 0.01
83 211 0.01
87 211 0.05
95 211 0.05
99 211 0.01
30 212 0.01
33 213 0.05
42 213 0.2
74 213 0.01
82 213 0.01
94 213 0.01
101 213 0.05
81 214 0.2
55 215 0.05
90 215 0.05
3 216 0.05
11 216 0.2
61 216 0.05
58 217 0.05
77 217 0.05
80 217 0.05
93 217 0.01
94 217 0.05
16 218 0.05
17 218 0.05
39 218 0.01
78 218 0.01
90 218 0.01
8 219 0.01
18 219 0.05
33 219 0.01
42 219 0.05
59 219 0.2
74 219 0.05
78 219 0.05
90 219 0.01
94 219 0.01
58 220 0.2
28 221 0.2
29 221 0.05
35 221 0.01
33 222 0.2
40 222 0.05
52 222 0.2
88 222 0.01
16 224 0.05
17 224 0.05
64 224 0.05
66 224 0.01
78 224 0.05
90 224 0.05
42 225 0.05
58 227 0.2
69 227 0.2
77 227 0.01
93 227 0.2
16 228 0.01
17 228 0.2
39 228 0.05
66 228 0.05
78 228 0.05
18 230 0.05
26 230 0.01
33 230 0.01
42 230 0.05
59 230 0.05
74 230 0.2
78 230 0.01
93 230 0.05
94 230 0.2
76 231 0.05
16 232 0.01
17 232 0.01
39 232 0.05
64 232 0.05
66 232 0.05
78 232 0.05
90 232 0.01
21 233 0.01
24 233 0.05
88 235 0.01
89 235 0.05
92 235 0.01
22 236 0.05
58 236 0.05
69 236 0.05
77 236 0.01
18 237 0.05
26 237 0.2
33 237 0.2
42 237 0.2
59 237 0.01
78 237 0.2
93 237 0.05
94 237 0.2
2 238 0.2
5 238 0.01
23 238 0.05
43 238 0.01
51 238 0.05
75 238 0.2
87 238 0.01
16 239 0.2
17 239 0.01
39 239 0.01
64 239 0.2
78 239 0.01
90 239 0.01
58 240 0.05
69 240 0.01
77 240 0.05
2 241 0.05
21 241 0.2
25 241 0.2
38 241 0.2
49 241 0.01
56 241 0.2
70 241 0.01
83 241 0.2
95 241 0.01
98 241 0.05
99 241 0.01
1 242 0.01
12 242 0.2
14 242 0.05
18 242 0.01
25 242 0.01
42 242 0.01
78 242 0.05
93 242 0.01
94 242 0.2
20 244 0.05
28 244 0.2
30 244 0.01
35 244 0.2
42 244 0.01
81 244 0.2
30 248 0.2
2 250 0.05
21 250 0.05
25 250 0.05
32 250 0.01
49 250 0.01
70 250 0.05
12 251 0.01
19 251 0.2
33 251 0.2
2 252 0.05
10 252 0.01
21 252 0.2
23 252 0.2
47 252 0.05
49 252 0.05
70 252 0.05
75 252 0.2
87 252 0.01
99 252 0.2
87 253 0.01
3 254 0.2
11 254 0.2
39 254 0.2
61 254 0.05
7 255 0.01
29 255 0.05
26 256 0.01
33 256 0.2
42 256 0.2
51 256 0.05
59 256 0.2
74 256 0.01
78 256 0.05
93 256 0.2
94 256 0.01
9 260 0.01
33 260 0.2
38 260 0.01
46 260 0.01
51 260 0.01
54 260 0.2
63 260 0.2
72 260 0.01
85 260 0.2
86 260 0.05
87 260 0.05
95 260 0.2
97 260 0.05
74 261 0.2
3 262 0.2
11 262 0.05
61 262 0.01
2 263 0.01
9 263 0.2
21 263 0.01
25 263 0.05
32 263 0.01
33 263 0.2
38 263 0.2
40 263 0.01
42 263 0.05
46 263 0.01
49 263 0.2
51 263 0.2
56 263 0.01
70 263 0.01
75 263 0.05
78 263 0.01
79 263 0.01
83 263 0.2
84 263 0.01
86 263 0.01
87 263 0.01
94 263 0.2
95 263 0.05
98 263 0.05
99 263 0.05
55 264 0.05
18 265 0.05
26 265 0.05
33 265 0.05
42 265 0.2
59 265 0.05
70 265 0.01
74 265 0.2
78 265 0.05
93 265 0.05
94 265 0.2
50 266 0.2
68 266 0.05
72 266 0.05
82 266 0.05
100 266 0.05
70 267 0.2
47 271 0.2
51 271 0.01
54 271 0.2
72 271 0.01
2 272 0.2
9 272 0.2
10 272 0.05
20 272 0.2
38 272 0.01
42 272 0.05
50 272 0.01
51 272 0.2
68 272 0.01
81 272 0.01
82 272 0.01
83 272 0.01
85 272 0.05
91 272 0.05
95 272 0.05
100 272 0.05
18 274 0.01
26 274 0.2
33 274 0.2
42 274 0.05
59 274 0.05
78 274 0.01
93 274 0.05
94 274 0.01
10 275 0.01
29 276 0.2
23 277 0.05
29 277 0.05
81 277 0.2
85 277 0.2
3 278 0.2
61 278 0.01
38 279 0.01
40 279 0.2
52 279 0.2
88 279 0.05
92 279 0.05
16 280 0.2
17 280 0.05
39 280 0.2
64 280 0.2
66 280 0.2
78 280 0.01
8 281 0.05
70 281 0.01
78 281 0.01
30 282 0.01
21 283 0.05
22 283 0.01
42 283 0.2
46 283 0.01
67 283 0.2
71 283 0.2
101 283 0.01
39 285 0.01
22 286 0.01
77 287 0.05
4 288 0.05
7 288 0.01
15 288 0.2
28 288 0.2
29 288 0.05
35 288 0.2
3 289 0.01
8 290 0.2
50 291 0.2
68 291 0.01
82 291 0.01
100 291 0.01
22 292 0.01
51 292 0.05
11 294 0.01
16 294 0.05
39 294 0.01
61 294 0.2
90 294 0.01
25 295 0.01
70 295 0.01
99 295 0.2
56 296 0.01
19 297 0.01
21 297 0.2
72 297 0.05
6 298 0.01
38 298 0.05
40 298 0.01
52 298 0.05
54 298 0.2
88 298 0.05
92 298 0.2
2 299 0.2
87 299 0.01
99 299 0.01
16 300 0.05
39 300 0.01
11 301 0.2
61 301 0.05
28 303 0.2
35 303 0.05
16 306 0.01
17 306 0.05
39 306 0.05
64 306 0.01
78 306 0.01
90 306 0.05
16 307 0.05
17 307 0.05
39 307 0.01
66 307 0.2
78 307 0.01
90 307 0.01
29 309 0.2
19 310 0.05
21 310 0.05
50 310 0.05
9 311 0.2
10 312 0.01
16 312 0.01
47 312 0.2
72 312 0.2
29 313 0.2
2 315 0.01
4 315 0.2
18 315 0.2
42 315 0.01
46 315 0.2
78 315 0.05
81 315 0.01
83 315 0.01
94 315 0.2
99 315 0.05
101 315 0.05
38 316 0.2
52 316 0.2
71 316 0.2
80 316 0.05
88 316 0.01
89 316 0.2
92 316 0.05
46 318 0.05
50 318 0.05
68 318 0.05
82 318 0.01
86 318 0.01
100 318 0.01
29 320 0.2
4 321 0.2
9 321 0.2
10 321 0.01
25 321 0.2
33 321 0.05
44 321 0.01
46 321 0.05
63 321 0.2
72 321 0.2
85 321 0.05
95 321 0.2
99 321 0.05
101 321 0.2
8 322 0.01
21 323 0.2
16 324 0.05
64 324 0.2
78 324 0.05
16 325 0.2
17 325 0.05
39 325 0.01
28 326 0.2
29 326 0.01
35 326 0.01
50 327 0.05
82 327 0.01
2 328 0.01
25 328 0.05
48 328 0.05
4 329 0.01
9 329 0.05
56 329 0.01
62 329 0.2
73 329 0.01
21 330 0.05
32 330 0.2
75 330 0.2
87 330 0.01
99 330 0.2
10 332 0.01
22 332 0.05
68 332 0.05
102 138 0.01
102 144 0.01
102 153 0.05
102 200 0.05
103 125 0.01
103 145 0.2
103 146 0.2
103 149 0.01
103 151 0.05
103 181 0.2
103 189 0.2
104 106 0.01
104 112 0.05
104 135 0.05
104 176 0.2
105 119 0.01
105 133 0.05
105 170 0.2
106 130 0.01
107 116 0.2
107 118 0.05
107 145 0.01
108 110 0.2
108 138 0.05
108 150 0.2
108 175 0.01
108 180 0.05
108 199 0.05
109 124 0.2
109 187 0.2
109 190 0.05
109 196 0.05
109 201 0.2
110 118 0.01
110 138 0.05
110 146 0.05
110 150 0.05
110 166 0.01
110 175 0.05
110 199 0.05
111 128 0.01
111 136 0.05
111 142 0.05
111 144 0.05
111 155 0.05
111 158 0.01
111 174 0.01
111 200 0.01
112 135 0.2
113 120 0.05
113 141 0.2
113 147 0.2
113 161 0.01
113 178 0.2
113 184 0.2
114 153 0.05
115 169 0.01
116 121 0.2
117 197 0.2
118 138 0.2
118 150 0.05
118 175 0.01
119 133 0.01
119 170 0.01
120 141 0.01
120 147 0.2
120 154 0.2
120 161 0.2
120 164 0.2
120 165 0.01
121 186 0.05
123 186 0.05
124 140 0.01
124 159 0.2
124 187 0.2
124 196 0.2
124 201 0.2
125 134 0.01
125 146 0.01
125 149 0.01
125 151 0.2
125 166 0.05
125 180 0.01
125 181 0.05
125 199 0.05
126 172 0.2
128 136 0.2
128 142 0.2
128 144 0.2
128 158 0.01
128 174 0.05
128 175 0.01
128 200 0.2
129 183 0.05
132 186 0.01
132 194 0.01
133 170 0.01
134 149 0.01
134 166 0.2
134 180 0.01
135 146 0.05
135 149 0.2
135 151 0.01
135 158 0.2
136 142 0.2
136 144 0.2
136 155 0.2
136 174 0.05
136 200 0.05
137 173 0.2
137 188 0.01
138 146 0.2
138 150 0.05
138 166 0.05
138 175 0.05
138 180 0.2
141 147 0.05
141 154 0.05
141 161 0.01
141 165 0.01
141 193 0.01
142 144 0.01
142 155 0.2
142 158 0.01
142 174 0.2
142 200 0.01
144 155 0.01
144 158 0.01
144 174 0.2
144 200 0.2
145 180 0.05
145 181 0.2
145 186 0.05
145 189 0.2
146 149 0.05
146 150 0.2
146 151 0.05
146 166 0.05
146 180 0.2
147 161 0.01
147 164 0.2
147 165 0.2
147 178 0.05
148 176 0.2
148 198 0.05
149 151 0.2
149 166 0.01
149 180 0.01
150 166 0.01
150 175 0.2
151 153 0.05
151 180 0.01
151 181 0.2
153 186 0.05
153 193 0.01
153 196 0.05
154 161 0.05
154 165 0.01
155 158 0.2
155 161 0.01
155 174 0.05
155 200 0.05
158 174 0.2
158 200 0.05
159 169 0.2
160 192 0.05
161 165 0.2
162 192 0.01
163 186 0.2
164 165 0.2
164 178 0.2
164 184 0.01
165 178 0.05
165 184 0.01
166 175 0.01
166 181 0.01
168 173 0.05
173 179 0.05
174 200 0.01
176 198 0.05
176 201 0.2
178 184 0.2
179 188 0.05
181 189 0.05
182 186 0.2
183 186 0.05
186 191 0.05
186 193 0.01
186 194 0.05
186 195 0.2
187 196 0.01
187 201 0.2
196 201 0.2
108 202 0.01
110 202 0.2
114 202 0.05
118 202 0.2
138 202 0.05
145 202 0.2
150 202 0.01
153 202 0.01
175 202 0.2
181 202 0.01
196 202 0.05
199 202 0.05
130 203 0.01
188 203 0.05
138 204 0.01
146 204 0.2
156 204 0.01
196 204 0.05
162 205 0.2
198 205 0.01
109 206 0.05
124 206 0.2
148 206 0.05
187 206 0.05
196 206 0.01
201 206 0.05
195 207 0.2
109 208 0.2
124 208 0.2
187 208 0.05
196 208 0.05
201 208 0.01
108 209 0.05
110 209 0.05
118 209 0.2
138 209 0.05
146 209 0.2
150 209 0.2
175 209 0.01
105 210 0.2
109 210 0.2
133 210 0.05
170 210 0.01
103 211 0.2
125 211 0.01
134 211 0.05
138 211 0.2
145 211 0.05
146 211 0.05
149 211 0.05
151 211 0.2
153 211 0.01
180 211 0.05
181 211 0.05
189 211 0.05
199 211 0.2
152 212 0.05
186 212 0.05
104 213 0.05
135 213 0.05
196 213 0.05
200 213 0.2
114 214 0.01
153 214 0.2
186 214 0.2
186 215 0.01
195 215 0.01
129 216 0.05
183 216 0.01
186 216 0.2
130 217 0.05
179 217 0.2
188 217 0.05
113 218 0.2
161 218 0.01
164 218 0.05
165 218 0.01
178 218 0.2
104 219 0.01
111 219 0.01
128 219 0.05
135 219 0.2
136 219 0.05
142 219 0.01
144 219 0.2
175 219 0.2
187 219 0.2
173 220 0.01
163 221 0.01
142 222 0.2
155 222 0.2
158 222 0.01
200 222 0.05
131 223 0.05
167 223 0.01
113 224 0.05
120 224 0.05
141 224 0.05
147 224 0.05
161 224 0.05
165 224 0.2
191 226 0.05
137 227 0.2
188 227 0.01
113 228 0.01
120 228 0.2
135 228 0.2
141 228 0.05
147 228 0.05
154 228 0.01
161 228 0.2
164 228 0.2
165 228 0.01
153 229 0.01
171 229 0.2
111 230 0.2
128 230 0.05
136 230 0.05
142 230 0.2
144 230 0.01
155 230 0.01
158 230 0.01
174 230 0.01
200 230 0.01
113 232 0.01
120 232 0.05
141 232 0.05
147 232 0.05
161 232 0.01
164 232 0.2
165 232 0.01
193 232 0.2
106 233 0.05
131 234 0.2
160 235 0.05
192 235 0.05
137 236 0.01
168 236 0.2
173 236 0.05
179 236 0.05
188 236 0.05
111 237 0.05
128 237 0.2
136 237 0.2
142 237 0.2
144 237 0.05
155 237 0.2
158 237 0.01
174 237 0.05
200 237 0.05
106 238 0.2
108 238 0.2
110 238 0.05
130 238 0.2
137 238 0.2
138 238 0.05
146 238 0.05
150 238 0.2
166 238 0.05
175 238 0.01
113 239 0.01
120 239 0.2
147 239 0.05
164 239 0.01
165 239 0.2
137 240 0.2
168 240 0.2
188 240 0.01
103 241 0.05
125 241 0.2
175 241 0.01
180 241 0.05
104 242 0.05
112 242 0.01
135 242 0.2
148 242 0.01
153 242 0.01
176 242 0.01
186 242 0.2
188 242 0.2
198 242 0.01
108 243 0.01
123 244 0.05
132 244 0.2
186 244 0.05
194 244 0.01
114 245 0.01
153 245 0.01
186 245 0.01
125 250 0.01
134 250 0.2
146 250 0.05
151 250 0.05
180 250 0.2
135 251 0.2
108 252 0.01
110 252 0.01
125 252 0.05
138 252 0.01
180 252 0.01
108 253 0.01
110 253 0.01
138 253 0.05
150 253 0.01
175 253 0.2
113 254 0.01
186 254 0.01
186 255 0.05
191 255 0.05
111 256 0.05
128 256 0.2
136 256 0.05
142 256 0.01
144 256 0.2
155 256 0.2
158 256 0.2
174 256 0.2
187 256 0.01
200 256 0.2
152 258 0.01
153 259 0.2
109 260 0.05
135 260 0.05
104 261 0.01
135 261 0.2
144 261 0.01
174 261 0.05
200 261 0.2
120 262 0.01
193 262 0.2
103 263 0.01
109 263 0.2
125 263 0.01
134 263 0.05
135 263 0.2
145 263 0.2
146 263 0.05
149 263 0.05
151 263 0.2
166 263 0.05
180 263 0.2
181 263 0.2
189 263 0.2
199 263 0.2
154 264 0.01
195 264 0.01
104 265 0.2
111 265 0.2
128 265 0.01
135 265 0.01
136 265 0.05
142 265 0.05
144 265 0.05
155 265 0.05
158 265 0.2
174 265 0.05
200 265 0.05
109 266 0.05
124 266 0.2
196 266 0.05
201 266 0.05
157 267 0.05
189 268 0.05
193 268 0.01
174 269 0.01
103 271 0.2
115 271 0.01
140 271 0.01
109 272 0.05
124 272 0.2
125 272 0.01
146 272 0.01
151 272 0.05
153 272 0.05
186 272 0.01
187 272 0.05
196 272 0.05
201 272 0.05
111 274 0.2
128 274 0.05
136 274 0.01
142 274 0.2
144 274 0.2
155 274 0.2
158 274 0.05
169 274 0.2
174 274 0.2
200 274 0.2
196 275 0.05
132 276 0.2
186 276 0.05
114 277 0.01
117 277 0.2
153 277 0.2
120 278 0.2
112 279 0.01
162 279 0.05
192 279 0.2
198 279 0.05
113 280 0.05
120 280 0.01
141 280 0.01
147 280 0.05
154 280 0.05
161 280 0.05
164 280 0.2
165 280 0.2
132 281 0.2
144 281 0.05
174 281 0.2
175 281 0.01
176 281 0.2
152 282 0.01
153 282 0.05
156 283 0.05
120 285 0.2
147 285 0.05
127 286 0.05
113 287 0.05
143 287 0.01
176 287 0.01
184 287 0.05
186 288 0.05
109 291 0.05
153 291 0.01
196 291 0.05
201 291 0.05
153 293 0.2
195 293 0.2
113 294 0.2
120 294 0.05
141 294 0.01
147 294 0.05
154 294 0.2
161 294 0.2
165 294 0.2
103 295 0.05
125 295 0.2
146 295 0.01
180 295 0.05
153 296 0.2
190 297 0.2
162 298 0.01
192 298 0.01
108 299 0.01
113 300 0.01
141 300 0.05
147 300 0.05
165 300 0.05
120 301 0.05
167 302 0.05
123 305 0.05
113 306 0.01
120 306 0.2
147 306 0.01
161 306 0.05
164 306 0.01
165 306 0.05
178 306 0.05
184 306 0.01
113 307 0.05
141 307 0.2
147 307 0.2
164 307 0.2
165 307 0.2
178 307 0.05
184 307 0.05
186 308 0.01
186 309 0.01
191 309 0.01
193 309 0.05
115 310 0.01
169 310 0.05
189 310 0.01
105 312 0.05
121 312 0.2
133 312 0.01
139 312 0.05
159 312 0.01
169 312 0.01
179 312 0.01
191 313 0.2
167 314 0.05
111 315 0.01
125 315 0.05
135 315 0.2
144 315 0.05
145 315 0.01
175 315 0.2
186 315 0.01
160 316 0.2
162 316 0.05
192 316 0.2
109 318 0.05
124 318 0.2
171 318 0.2
196 318 0.2
201 318 0.2
191 320 0.01
108 321 0.2
109 321 0.01
145 321 0.01
186 321 0.2
199 321 0.2
154 322 0.01
195 322 0.2
167 323 0.05
195 323 0.05
120 324 0.05
141 324 0.2
154 324 0.05
161 324 0.2
165 324 0.01
113 325 0.05
120 325 0.2
141 325 0.01
147 325 0.01
154 325 0.2
161 325 0.05
164 325 0.01
165 325 0.2
178 325 0.01
163 326 0.2
186 326 0.2
109 327 0.2
124 327 0.05
196 327 0.01
201 327 0.01
114 328 0.01
125 328 0.01
153 328 0.05
191 328 0.01
145 329 0.2
181 329 0.01
186 329 0.2
199 329 0.01
108 330 0.05
110 330 0.05
138 330 0.05
150 330 0.05
175 330 0.01
180 330 0.05
109 332 0.05
153 332 0.2
159 332 0.2
186 334 0.2
202 209 0.05
202 211 0.01
202 238 0.05
202 252 0.01
202 253 0.2
202 260 0.05
202 263 0.05
202 271 0.2
202 277 0.2
202 291 0.05
203 217 0.2
203 227 0.2
203 232 0.2
203 240 0.2
203 287 0.05
204 213 0.01
204 260 0.05
204 263 0.05
204 272 0.01
204 275 0.05
204 283 0.01
205 222 0.2
205 279 0.01
205 298 0.01
206 208 0.05
206 231 0.2
206 242 0.2
206 266 0.2
206 272 0.2
206 279 0.05
206 291 0.05
208 266 0.2
208 272 0.2
208 279 0.01
209 238 0.2
209 252 0.05
209 253 0.05
210 233 0.01
211 241 0.05
211 250 0.01
211 252 0.2
211 263 0.01
211 295 0.2
211 299 0.05
212 244 0.2
212 258 0.2
212 282 0.2
213 219 0.05
213 261 0.2
213 263 0.2
213 267 0.01
213 275 0.05
214 244 0.01
214 245 0.05
215 248 0.05
215 264 0.01
215 290 0.05
216 254 0.05
216 262 0.01
216 278 0.01
216 289 0.01
216 293 0.2
216 294 0.01
217 227 0.2
217 236 0.2
217 240 0.2
218 224 0.2
218 228 0.05
218 280 0.05
219 230 0.05
219 237 0.2
219 242 0.2
219 256 0.01
219 261 0.01
219 263 0.01
219 265 0.05
219 274 0.01
219 281 0.2
219 297 0.05
220 236 0.05
221 244 0.2
221 288 0.05
222 237 0.05
222 263 0.01
222 272 0.2
222 279 0.05
222 298 0.05
223 234 0.2
223 243 0.01
223 248 0.01
223 290 0.01
224 228 0.2
224 232 0.2
224 239 0.05
224 280 0.2
224 294 0.05
224 300 0.05
226 255 0.05
226 276 0.01
227 236 0.05
227 240 0.01
227 242 0.01
228 232 0.05
228 239 0.01
228 280 0.2
228 294 0.01
228 300 0.05
230 237 0.01
230 256 0.05
230 265 0.2
230 274 0.01
232 280 0.2
232 294 0.01
232 300 0.2
234 248 0.01
234 290 0.05
236 240 0.01
236 242 0.2
237 256 0.2
237 263 0.2
237 265 0.2
237 274 0.05
238 252 0.2
238 263 0.2
239 280 0.05
239 294 0.05
241 250 0.05
241 263 0.05
241 295 0.2
242 251 0.05
242 272 0.2
244 282 0.05
248 264 0.05
248 290 0.2
248 292 0.05
248 293 0.01
250 263 0.05
250 295 0.05
252 263 0.05
254 262 0.01
254 264 0.01
254 278 0.05
254 289 0.05
254 294 0.05
254 301 0.2
255 276 0.2
256 260 0.2
256 265 0.01
256 274 0.2
256 281 0.2
257 293 0.05
257 301 0.05
258 282 0.05
260 263 0.2
260 271 0.2
260 272 0.2
260 291 0.01
261 263 0.2
261 265 0.05
261 274 0.05
261 281 0.05
262 278 0.05
262 289 0.05
262 294 0.01
263 265 0.2
263 272 0.01
263 295 0.2
264 293 0.2
265 274 0.01
265 281 0.2
266 272 0.2
266 288 0.01
266 291 0.01
271 277 0.05
272 291 0.2
276 288 0.05
278 289 0.05
278 293 0.01
278 294 0.05
278 301 0.01
279 298 0.01
280 294 0.01
280 300 0.01
281 297 0.01
290 292 0.01
290 297 0.05
293 296 0.01
294 301 0.2
223 302 0.2
221 303 0.01
244 303 0.05
257 304 0.2
229 305 0.2
218 306 0.05
224 306 0.01
228 306 0.01
239 306 0.01
280 306 0.05
294 306 0.01
224 307 0.2
228 307 0.01
232 307 0.05
239 307 0.2
280 307 0.05
300 307 0.01
226 309 0.05
255 309 0.2
276 309 0.2
288 309 0.2
236 310 0.05
297 310 0.01
210 312 0.2
264 312 0.01
265 312 0.05
268 312 0.01
272 312 0.01
226 313 0.05
255 313 0.01
276 313 0.2
288 313 0.2
223 314 0.05
248 314 0.2
290 314 0.2
293 314 0.01
209 315 0.05
230 315 0.01
256 315 0.05
261 315 0.01
263 315 0.05
265 315 0.05
272 315 0.01
274 315 0.2
283 315 0.01
293 315 0.2
235 316 0.2
257 317 0.2
202 318 0.01
206 318 0.05
208 318 0.01
260 318 0.01
266 318 0.05
272 318 0.2
291 318 0.05
293 319 0.01
226 320 0.05
255 320 0.05
288 320 0.01
293 320 0.01
202 321 0.01
204 321 0.05
211 321 0.01
260 321 0.01
263 321 0.05
272 321 0.2
215 322 0.05
264 322 0.01
278 322 0.05
292 322 0.2
293 322 0.2
296 322 0.2
215 323 0.05
278 323 0.01
292 323 0.01
293 323 0.2
296 323 0.05
219 324 0.05
228 324 0.05
239 324 0.2
280 324 0.01
294 324 0.01
218 325 0.01
224 325 0.2
228 325 0.2
232 325 0.01
280 325 0.05
300 325 0.01
221 326 0.2
206 327 0.05
266 327 0.01
272 327 0.05
270 328 0.01
211 329 0.01
214 329 0.05
244 329 0.05
260 329 0.05
202 330 0.05
209 330 0.05
211 330 0.01
252 330 0.05
253 330 0.01
263 330 0.01
302 314 0.05
304 317 0.2
304 323 0.05
306 307 0.05
306 324 0.2
306 325 0.01
307 325 0.01
308 331 0.2
309 313 0.01
309 320 0.05
310 312 0.2
313 320 0.2
314 323 0.05
321 329 0.01
322 323 0.01
