
PCMCC facebook 20 1
------------------- communityDivision start -----------------------
Modularity: 0.8349032049261919

547
546
443
421
401
384
344
236
221
207
73
66
59
39
25
27
------------------- communityDivision end ------------------------


comK: [0, 0, 3, 0, 2, 4, 0, 10, 1, 0, 0, 0, 0, 0, 0, 0]
sumK: 20
The optimal fitness value of the  0  generation population: 1083.6509813082844
bestS: [2384, 2111, 2133, 414, 376, 1833, 946, 1612, 1153, 2352, 2118, 1917, 2200, 2043, 2590, 2356, 2381, 2172, 2619, 2839]
Number of communities: 16
comRes: [1, 1, 1, 1, 1, 1, 1, 1, 1, 1, 1, 1, 1, 1, 1, 1]
effect0 1083.6509813082844

PCMCC facebook 20 1
------------------- communityDivision start -----------------------
Modularity: 0.8349032049261919

547
546
443
421
401
384
344
236
221
207
73
66
59
39
25
27
------------------- communityDivision end ------------------------


comK: [0, 0, 3, 0, 2, 4, 0, 10, 1, 0, 0, 0, 0, 0, 0, 0]
sumK: 20
The optimal fitness value of the  0  generation population: 1083.6509813082844
bestS: [2384, 2111, 2133, 414, 376, 1833, 946, 1612, 1153, 2352, 2118, 1917, 2200, 2043, 2590, 2356, 2381, 2172, 2619, 2839]
Number of communities: 16
comRes: [1, 1, 1, 1, 1, 1, 1, 1, 1, 1, 1, 1, 1, 1, 1, 1]
effect0 1083.6509813082844
Maximum Community Number: 0
Start multiple processes 0  generation
Generation 1 comGenAcc: [1, 1, 1, 0, 1, 0, 0, 1, 0, 0, 1, 0, 1, 1, 1, 0]
Generation 1 comBen: [0, 0, 0, 0, 0, 0, 0, 0, 0, 0, 0, 0, 0, 0, 0, 0]
(142.3538582358414, 0) (142.3538582358414, 1)
(109.9118445842192, 0) (109.9118445842192, 1)
(122.95708078691558, 0) (120.91016630940393, 1)
(146.69063314907748, 0) (146.69063314907748, 0)
(96.52121176058043, 0) (96.52121176058043, 1)
(197.31324621700978, 0) (197.31324621700978, 0)
(58.44057809721847, 0) (58.44057809721847, 0)
(88.68115702839164, 0) (78.28954103331075, 1)
(52.422050992198145, 0) (52.422050992198145, 0)
(0.30579999999999863, 0) (0.30579999999999863, 0)
(25.581442334499197, 0) (25.581442334499197, 1)
(13.174201446724345, 0) (13.174201446724345, 0)
(0, 0) (0, 1)
(9.638506157322006, 0) (9.638506157322006, 1)
(0, 0) (0, 1)
(3.212484601634561, 0) (3.212484601634561, 0)
[-2, -2, -2, -2, -2, -2, -2, -2, -2, -2, -2, -2, -2, -2, -2, -2]
The optimal fitness value of the  1  generation population: 1069.8611902529394
bestS: [2384, 2111, 1577, 414, 376, 1833, 946, 1612, 1153, 2607, 2604, 1917, 2200, 2601, 2590, 2030, 2150, 2172, 2331, 2839]
Number of communities: 16
comRes: [1, 1, 1, 1, 1, 1, 1, 1, 1, 1, 1, 1, 1, 1, 1, 1]
effect0 1069.8611902529394

PCMCC facebook 20 1
------------------- communityDivision start -----------------------
Modularity: 0.8349032049261919

547
546
443
421
401
384
344
236
221
207
73
66
59
39
25
27
------------------- communityDivision end ------------------------


comK: [0, 0, 3, 0, 2, 4, 0, 10, 1, 0, 0, 0, 0, 0, 0, 0]
sumK: 20
The optimal fitness value of the  0  generation population: 1083.6509813082844
bestS: [2384, 2111, 2133, 414, 376, 1833, 946, 1612, 1153, 2352, 2118, 1917, 2200, 2043, 2590, 2356, 2381, 2172, 2619, 2839]
Number of communities: 16
comRes: [1, 1, 1, 1, 1, 1, 1, 1, 1, 1, 1, 1, 1, 1, 1, 1]
effect0 1083.6509813082844
Maximum Community Number: 0
Start multiple processes 0  generation
Generation 1 comGenAcc: [1, 1, 1, 0, 1, 0, 0, 1, 0, 0, 1, 0, 1, 1, 1, 0]
Generation 1 comBen: [0, 0, 0, 0, 0, 0, 0, 0, 0, 0, 0, 0, 0, 0, 0, 0]
(142.3538582358414, 0) (142.3538582358414, 1)
(109.9118445842192, 0) (109.9118445842192, 1)
(122.95708078691558, 0) (120.91016630940393, 1)
(146.69063314907748, 0) (146.69063314907748, 0)
(96.52121176058043, 0) (96.52121176058043, 1)
(197.31324621700978, 0) (197.31324621700978, 0)
(58.44057809721847, 0) (58.44057809721847, 0)
(88.68115702839164, 0) (78.28954103331075, 1)
(52.422050992198145, 0) (52.422050992198145, 0)
(0.30579999999999863, 0) (0.30579999999999863, 0)
(25.581442334499197, 0) (25.581442334499197, 1)
(13.174201446724345, 0) (13.174201446724345, 0)
(0, 0) (0, 1)
(9.638506157322006, 0) (9.638506157322006, 1)
(0, 0) (0, 1)
(3.212484601634561, 0) (3.212484601634561, 0)
[-2, -2, -2, -2, -2, -2, -2, -2, -2, -2, -2, -2, -2, -2, -2, -2]
The optimal fitness value of the  1  generation population: 1069.8611902529394
bestS: [2384, 2111, 1577, 414, 376, 1833, 946, 1612, 1153, 2607, 2604, 1917, 2200, 2601, 2590, 2030, 2150, 2172, 2331, 2839]
Number of communities: 16
comRes: [1, 1, 1, 1, 1, 1, 1, 1, 1, 1, 1, 1, 1, 1, 1, 1]
effect0 1069.8611902529394
Maximum Community Number: 0
Start multiple processes 1  generation
Generation 2 comGenAcc: [2, 2, 2, 1, 2, 1, 1, 2, 1, 1, 2, 1, 2, 2, 1, 0]
Generation 2 comBen: [0, 0, 1, 0, 0, 0, 0, 1, 0, 0, 0, 0, 0, 0, 0, 0]
(142.3538582358414, 0) (142.3538582358414, 2)
(109.9118445842192, 0) (109.9118445842192, 2)
(120.91016630940393, 1) (120.91016630940393, 2)
(146.69063314907748, 0) (146.69063314907748, 1)
(96.52121176058043, 0) (96.52121176058043, 2)
(197.31324621700978, 0) (186.0324156136173, 1)
(58.44057809721847, 0) (58.44057809721847, 1)
(78.28954103331075, 1) (78.28954103331075, 2)
(52.422050992198145, 0) (52.422050992198145, 1)
(0.30579999999999863, 0) (0.30579999999999863, 1)
(25.581442334499197, 0) (25.581442334499197, 2)
(13.174201446724345, 0) (13.174201446724345, 1)
(0, 0) (0, 2)
(9.638506157322006, 0) (9.638506157322006, 2)
(0, 0) (0, 1)
(3.212484601634561, 0) (3.212484601634561, 0)
[-2, -2, -2, -2, -2, -2, -2, -2, -2, -2, -2, -2, -2, -2, -2, -2]
The optimal fitness value of the  2  generation population: 1056.87888803811
bestS: [2384, 2111, 1577, 414, 376, 1833, 1610, 1377, 1390, 2607, 2604, 1917, 2200, 2601, 2590, 2030, 2150, 2172, 2331, 2839]
Number of communities: 16
comRes: [1, 1, 1, 1, 1, 1, 1, 1, 1, 1, 1, 1, 1, 1, 1, 1]
effect0 1056.87888803811

PCMCC facebook 20 1
------------------- communityDivision start -----------------------
Modularity: 0.8349032049261919

547
546
443
421
401
384
344
236
221
207
73
66
59
39
25
27
------------------- communityDivision end ------------------------


comK: [0, 0, 3, 0, 2, 4, 0, 10, 1, 0, 0, 0, 0, 0, 0, 0]
sumK: 20
The optimal fitness value of the  0  generation population: 1083.6509813082844
bestS: [2384, 2111, 2133, 414, 376, 1833, 946, 1612, 1153, 2352, 2118, 1917, 2200, 2043, 2590, 2356, 2381, 2172, 2619, 2839]
Number of communities: 16
comRes: [1, 1, 1, 1, 1, 1, 1, 1, 1, 1, 1, 1, 1, 1, 1, 1]
effect0 1083.6509813082844
Maximum Community Number: 0
Start multiple processes 0  generation
Generation 1 comGenAcc: [1, 1, 1, 0, 1, 0, 0, 1, 0, 0, 1, 0, 1, 1, 1, 0]
Generation 1 comBen: [0, 0, 0, 0, 0, 0, 0, 0, 0, 0, 0, 0, 0, 0, 0, 0]
(142.3538582358414, 0) (142.3538582358414, 1)
(109.9118445842192, 0) (109.9118445842192, 1)
(122.95708078691558, 0) (120.91016630940393, 1)
(146.69063314907748, 0) (146.69063314907748, 0)
(96.52121176058043, 0) (96.52121176058043, 1)
(197.31324621700978, 0) (197.31324621700978, 0)
(58.44057809721847, 0) (58.44057809721847, 0)
(88.68115702839164, 0) (78.28954103331075, 1)
(52.422050992198145, 0) (52.422050992198145, 0)
(0.30579999999999863, 0) (0.30579999999999863, 0)
(25.581442334499197, 0) (25.581442334499197, 1)
(13.174201446724345, 0) (13.174201446724345, 0)
(0, 0) (0, 1)
(9.638506157322006, 0) (9.638506157322006, 1)
(0, 0) (0, 1)
(3.212484601634561, 0) (3.212484601634561, 0)
[-2, -2, -2, -2, -2, -2, -2, -2, -2, -2, -2, -2, -2, -2, -2, -2]
The optimal fitness value of the  1  generation population: 1069.8611902529394
bestS: [2384, 2111, 1577, 414, 376, 1833, 946, 1612, 1153, 2607, 2604, 1917, 2200, 2601, 2590, 2030, 2150, 2172, 2331, 2839]
Number of communities: 16
comRes: [1, 1, 1, 1, 1, 1, 1, 1, 1, 1, 1, 1, 1, 1, 1, 1]
effect0 1069.8611902529394
Maximum Community Number: 0
Start multiple processes 1  generation
Generation 2 comGenAcc: [2, 2, 2, 1, 2, 1, 1, 2, 1, 1, 2, 1, 2, 2, 1, 0]
Generation 2 comBen: [0, 0, 1, 0, 0, 0, 0, 1, 0, 0, 0, 0, 0, 0, 0, 0]
(142.3538582358414, 0) (142.3538582358414, 2)
(109.9118445842192, 0) (109.9118445842192, 2)
(120.91016630940393, 1) (120.91016630940393, 2)
(146.69063314907748, 0) (146.69063314907748, 1)
(96.52121176058043, 0) (96.52121176058043, 2)
(197.31324621700978, 0) (186.0324156136173, 1)
(58.44057809721847, 0) (58.44057809721847, 1)
(78.28954103331075, 1) (78.28954103331075, 2)
(52.422050992198145, 0) (52.422050992198145, 1)
(0.30579999999999863, 0) (0.30579999999999863, 1)
(25.581442334499197, 0) (25.581442334499197, 2)
(13.174201446724345, 0) (13.174201446724345, 1)
(0, 0) (0, 2)
(9.638506157322006, 0) (9.638506157322006, 2)
(0, 0) (0, 1)
(3.212484601634561, 0) (3.212484601634561, 0)
[-2, -2, -2, -2, -2, -2, -2, -2, -2, -2, -2, -2, -2, -2, -2, -2]
The optimal fitness value of the  2  generation population: 1056.87888803811
bestS: [2384, 2111, 1577, 414, 376, 1833, 1610, 1377, 1390, 2607, 2604, 1917, 2200, 2601, 2590, 2030, 2150, 2172, 2331, 2839]
Number of communities: 16
comRes: [1, 1, 1, 1, 1, 1, 1, 1, 1, 1, 1, 1, 1, 1, 1, 1]
effect0 1056.87888803811
Maximum Community Number: 0
Start multiple processes 2  generation
Generation 3 comGenAcc: [3, 2, 2, 1, 2, 2, 2, 2, 1, 1, 3, 1, 3, 2, 1, 1]
Generation 3 comBen: [0, 0, 1, 0, 0, 2, 0, 1, 0, 0, 0, 0, 0, 0, 0, 0]
(142.3538582358414, 0) (142.3538582358414, 3)
(109.9118445842192, 0) (109.9118445842192, 2)
(120.91016630940393, 1) (120.91016630940393, 2)
(146.69063314907748, 0) (146.69063314907748, 1)
(96.52121176058043, 0) (96.52121176058043, 2)
(186.0324156136173, 1) (185.82560060802098, 2)
(58.44057809721847, 0) (58.44057809721847, 2)
(78.28954103331075, 1) (78.28954103331075, 2)
(52.422050992198145, 0) (52.422050992198145, 1)
(0.30579999999999863, 0) (0.30579999999999863, 1)
(25.581442334499197, 0) (25.581442334499197, 3)
(13.174201446724345, 0) (13.174201446724345, 1)
(0, 0) (0, 3)
(9.638506157322006, 0) (9.638506157322006, 2)
(0, 0) (0, 1)
(3.212484601634561, 0) (3.212484601634561, 1)
[-1, -2, -2, -2, -2, -2, -2, -2, -2, -2, -1, -2, -1, -2, -2, -2]
The optimal fitness value of the  3  generation population: 1056.730112424431
bestS: [2839, 2384, 2111, 1577, 414, 376, 1833, 1804, 1377, 1390, 2607, 2604, 1917, 2200, 2601, 2590, 2030, 2150, 2172, 2331]
Number of communities: 13
comRes: [2, 2, 2, 1, 1, 1, 1, 1, 1, 1, 1, 1, 1]
effect0 1056.730112424431

PCMCC facebook 20 1
------------------- communityDivision start -----------------------
Modularity: 0.8349032049261919

547
546
443
421
401
384
344
236
221
207
73
66
59
39
25
27
------------------- communityDivision end ------------------------


comK: [0, 0, 3, 0, 2, 4, 0, 10, 1, 0, 0, 0, 0, 0, 0, 0]
sumK: 20
The optimal fitness value of the  0  generation population: 1083.6509813082844
bestS: [2384, 2111, 2133, 414, 376, 1833, 946, 1612, 1153, 2352, 2118, 1917, 2200, 2043, 2590, 2356, 2381, 2172, 2619, 2839]
Number of communities: 16
comRes: [1, 1, 1, 1, 1, 1, 1, 1, 1, 1, 1, 1, 1, 1, 1, 1]
effect0 1083.6509813082844
Maximum Community Number: 0
Start multiple processes 0  generation
Generation 1 comGenAcc: [1, 1, 1, 0, 1, 0, 0, 1, 0, 0, 1, 0, 1, 1, 1, 0]
Generation 1 comBen: [0, 0, 0, 0, 0, 0, 0, 0, 0, 0, 0, 0, 0, 0, 0, 0]
(142.3538582358414, 0) (142.3538582358414, 1)
(109.9118445842192, 0) (109.9118445842192, 1)
(122.95708078691558, 0) (120.91016630940393, 1)
(146.69063314907748, 0) (146.69063314907748, 0)
(96.52121176058043, 0) (96.52121176058043, 1)
(197.31324621700978, 0) (197.31324621700978, 0)
(58.44057809721847, 0) (58.44057809721847, 0)
(88.68115702839164, 0) (78.28954103331075, 1)
(52.422050992198145, 0) (52.422050992198145, 0)
(0.30579999999999863, 0) (0.30579999999999863, 0)
(25.581442334499197, 0) (25.581442334499197, 1)
(13.174201446724345, 0) (13.174201446724345, 0)
(0, 0) (0, 1)
(9.638506157322006, 0) (9.638506157322006, 1)
(0, 0) (0, 1)
(3.212484601634561, 0) (3.212484601634561, 0)
[-2, -2, -2, -2, -2, -2, -2, -2, -2, -2, -2, -2, -2, -2, -2, -2]
The optimal fitness value of the  1  generation population: 1069.8611902529394
bestS: [2384, 2111, 1577, 414, 376, 1833, 946, 1612, 1153, 2607, 2604, 1917, 2200, 2601, 2590, 2030, 2150, 2172, 2331, 2839]
Number of communities: 16
comRes: [1, 1, 1, 1, 1, 1, 1, 1, 1, 1, 1, 1, 1, 1, 1, 1]
effect0 1069.8611902529394
Maximum Community Number: 0
Start multiple processes 1  generation
Generation 2 comGenAcc: [2, 2, 2, 1, 2, 1, 1, 2, 1, 1, 2, 1, 2, 2, 1, 0]
Generation 2 comBen: [0, 0, 1, 0, 0, 0, 0, 1, 0, 0, 0, 0, 0, 0, 0, 0]
(142.3538582358414, 0) (142.3538582358414, 2)
(109.9118445842192, 0) (109.9118445842192, 2)
(120.91016630940393, 1) (120.91016630940393, 2)
(146.69063314907748, 0) (146.69063314907748, 1)
(96.52121176058043, 0) (96.52121176058043, 2)
(197.31324621700978, 0) (186.0324156136173, 1)
(58.44057809721847, 0) (58.44057809721847, 1)
(78.28954103331075, 1) (78.28954103331075, 2)
(52.422050992198145, 0) (52.422050992198145, 1)
(0.30579999999999863, 0) (0.30579999999999863, 1)
(25.581442334499197, 0) (25.581442334499197, 2)
(13.174201446724345, 0) (13.174201446724345, 1)
(0, 0) (0, 2)
(9.638506157322006, 0) (9.638506157322006, 2)
(0, 0) (0, 1)
(3.212484601634561, 0) (3.212484601634561, 0)
[-2, -2, -2, -2, -2, -2, -2, -2, -2, -2, -2, -2, -2, -2, -2, -2]
The optimal fitness value of the  2  generation population: 1056.87888803811
bestS: [2384, 2111, 1577, 414, 376, 1833, 1610, 1377, 1390, 2607, 2604, 1917, 2200, 2601, 2590, 2030, 2150, 2172, 2331, 2839]
Number of communities: 16
comRes: [1, 1, 1, 1, 1, 1, 1, 1, 1, 1, 1, 1, 1, 1, 1, 1]
effect0 1056.87888803811
Maximum Community Number: 0
Start multiple processes 2  generation
Generation 3 comGenAcc: [3, 2, 2, 1, 2, 2, 2, 2, 1, 1, 3, 1, 3, 2, 1, 1]
Generation 3 comBen: [0, 0, 1, 0, 0, 2, 0, 1, 0, 0, 0, 0, 0, 0, 0, 0]
(142.3538582358414, 0) (142.3538582358414, 3)
(109.9118445842192, 0) (109.9118445842192, 2)
(120.91016630940393, 1) (120.91016630940393, 2)
(146.69063314907748, 0) (146.69063314907748, 1)
(96.52121176058043, 0) (96.52121176058043, 2)
(186.0324156136173, 1) (185.82560060802098, 2)
(58.44057809721847, 0) (58.44057809721847, 2)
(78.28954103331075, 1) (78.28954103331075, 2)
(52.422050992198145, 0) (52.422050992198145, 1)
(0.30579999999999863, 0) (0.30579999999999863, 1)
(25.581442334499197, 0) (25.581442334499197, 3)
(13.174201446724345, 0) (13.174201446724345, 1)
(0, 0) (0, 3)
(9.638506157322006, 0) (9.638506157322006, 2)
(0, 0) (0, 1)
(3.212484601634561, 0) (3.212484601634561, 1)
[-1, -2, -2, -2, -2, -2, -2, -2, -2, -2, -1, -2, -1, -2, -2, -2]
The optimal fitness value of the  3  generation population: 1056.730112424431
bestS: [2839, 2384, 2111, 1577, 414, 376, 1833, 1804, 1377, 1390, 2607, 2604, 1917, 2200, 2601, 2590, 2030, 2150, 2172, 2331]
Number of communities: 13
comRes: [2, 2, 2, 1, 1, 1, 1, 1, 1, 1, 1, 1, 1]
effect0 1056.730112424431
Maximum Community Number: 0
Start multiple processes 3  generation
Generation 4 comGenAcc: [2, 3, 4, 3, 2, 3, 3, 3, 2, 2, 3, 2, 2]
Generation 4 comBen: [3, 3, 3, 0, 0, 3, 0, 1, 0, 0, 0, 0, 0]
(195.19366420477664, 1) (195.19366420477664, 2)
(147.17817501435056, 2) (146.52952903004427, 3)
(96.52121176058043, 2) (96.52121176058043, 4)
(109.9118445842192, 0) (109.9118445842192, 3)
(146.69063314907748, 0) (146.69063314907748, 2)
(185.82560060802098, 2) (185.82560060802098, 3)
(58.44057809721847, 0) (58.44057809721847, 3)
(78.28954103331075, 1) (78.28954103331075, 3)
(0.30579999999999863, 0) (0.30579999999999863, 2)
(13.174201446724345, 0) (13.174201446724345, 2)
(9.638506157322006, 0) (9.638506157322006, 3)
(0, 0) (0, 2)
(3.212484601634561, 0) (3.212484601634561, 2)
[-2, -2, -2, -1, -2, -2, -1, -2, -2, -2, -1, -2, -2]
The optimal fitness value of the  4  generation population: 1055.9339367529997
bestS: [2384, 2598, 1577, 2839, 414, 376, 1833, 1804, 1377, 1390, 2607, 2604, 1917, 2200, 2601, 2590, 2030, 2150, 2172, 2331]
Number of communities: 10
comRes: [3, 2, 2, 2, 2, 1, 1, 1, 1, 1]
effect0 1055.9339367529997

PCMCC facebook 20 1
------------------- communityDivision start -----------------------
Modularity: 0.8349032049261919

547
546
443
421
401
384
344
236
221
207
73
66
59
39
25
27
------------------- communityDivision end ------------------------


comK: [0, 0, 3, 0, 2, 4, 0, 10, 1, 0, 0, 0, 0, 0, 0, 0]
sumK: 20
The optimal fitness value of the  0  generation population: 1083.6509813082844
bestS: [2384, 2111, 2133, 414, 376, 1833, 946, 1612, 1153, 2352, 2118, 1917, 2200, 2043, 2590, 2356, 2381, 2172, 2619, 2839]
Number of communities: 16
comRes: [1, 1, 1, 1, 1, 1, 1, 1, 1, 1, 1, 1, 1, 1, 1, 1]
effect0 1083.6509813082844
Maximum Community Number: 0
Start multiple processes 0  generation
Generation 1 comGenAcc: [1, 1, 1, 0, 1, 0, 0, 1, 0, 0, 1, 0, 1, 1, 1, 0]
Generation 1 comBen: [0, 0, 0, 0, 0, 0, 0, 0, 0, 0, 0, 0, 0, 0, 0, 0]
(142.3538582358414, 0) (142.3538582358414, 1)
(109.9118445842192, 0) (109.9118445842192, 1)
(122.95708078691558, 0) (120.91016630940393, 1)
(146.69063314907748, 0) (146.69063314907748, 0)
(96.52121176058043, 0) (96.52121176058043, 1)
(197.31324621700978, 0) (197.31324621700978, 0)
(58.44057809721847, 0) (58.44057809721847, 0)
(88.68115702839164, 0) (78.28954103331075, 1)
(52.422050992198145, 0) (52.422050992198145, 0)
(0.30579999999999863, 0) (0.30579999999999863, 0)
(25.581442334499197, 0) (25.581442334499197, 1)
(13.174201446724345, 0) (13.174201446724345, 0)
(0, 0) (0, 1)
(9.638506157322006, 0) (9.638506157322006, 1)
(0, 0) (0, 1)
(3.212484601634561, 0) (3.212484601634561, 0)
[-2, -2, -2, -2, -2, -2, -2, -2, -2, -2, -2, -2, -2, -2, -2, -2]
The optimal fitness value of the  1  generation population: 1069.8611902529394
bestS: [2384, 2111, 1577, 414, 376, 1833, 946, 1612, 1153, 2607, 2604, 1917, 2200, 2601, 2590, 2030, 2150, 2172, 2331, 2839]
Number of communities: 16
comRes: [1, 1, 1, 1, 1, 1, 1, 1, 1, 1, 1, 1, 1, 1, 1, 1]
effect0 1069.8611902529394
Maximum Community Number: 0
Start multiple processes 1  generation
Generation 2 comGenAcc: [2, 2, 2, 1, 2, 1, 1, 2, 1, 1, 2, 1, 2, 2, 1, 0]
Generation 2 comBen: [0, 0, 1, 0, 0, 0, 0, 1, 0, 0, 0, 0, 0, 0, 0, 0]
(142.3538582358414, 0) (142.3538582358414, 2)
(109.9118445842192, 0) (109.9118445842192, 2)
(120.91016630940393, 1) (120.91016630940393, 2)
(146.69063314907748, 0) (146.69063314907748, 1)
(96.52121176058043, 0) (96.52121176058043, 2)
(197.31324621700978, 0) (186.0324156136173, 1)
(58.44057809721847, 0) (58.44057809721847, 1)
(78.28954103331075, 1) (78.28954103331075, 2)
(52.422050992198145, 0) (52.422050992198145, 1)
(0.30579999999999863, 0) (0.30579999999999863, 1)
(25.581442334499197, 0) (25.581442334499197, 2)
(13.174201446724345, 0) (13.174201446724345, 1)
(0, 0) (0, 2)
(9.638506157322006, 0) (9.638506157322006, 2)
(0, 0) (0, 1)
(3.212484601634561, 0) (3.212484601634561, 0)
[-2, -2, -2, -2, -2, -2, -2, -2, -2, -2, -2, -2, -2, -2, -2, -2]
The optimal fitness value of the  2  generation population: 1056.87888803811
bestS: [2384, 2111, 1577, 414, 376, 1833, 1610, 1377, 1390, 2607, 2604, 1917, 2200, 2601, 2590, 2030, 2150, 2172, 2331, 2839]
Number of communities: 16
comRes: [1, 1, 1, 1, 1, 1, 1, 1, 1, 1, 1, 1, 1, 1, 1, 1]
effect0 1056.87888803811
Maximum Community Number: 0
Start multiple processes 2  generation
Generation 3 comGenAcc: [3, 2, 2, 1, 2, 2, 2, 2, 1, 1, 3, 1, 3, 2, 1, 1]
Generation 3 comBen: [0, 0, 1, 0, 0, 2, 0, 1, 0, 0, 0, 0, 0, 0, 0, 0]
(142.3538582358414, 0) (142.3538582358414, 3)
(109.9118445842192, 0) (109.9118445842192, 2)
(120.91016630940393, 1) (120.91016630940393, 2)
(146.69063314907748, 0) (146.69063314907748, 1)
(96.52121176058043, 0) (96.52121176058043, 2)
(186.0324156136173, 1) (185.82560060802098, 2)
(58.44057809721847, 0) (58.44057809721847, 2)
(78.28954103331075, 1) (78.28954103331075, 2)
(52.422050992198145, 0) (52.422050992198145, 1)
(0.30579999999999863, 0) (0.30579999999999863, 1)
(25.581442334499197, 0) (25.581442334499197, 3)
(13.174201446724345, 0) (13.174201446724345, 1)
(0, 0) (0, 3)
(9.638506157322006, 0) (9.638506157322006, 2)
(0, 0) (0, 1)
(3.212484601634561, 0) (3.212484601634561, 1)
[-1, -2, -2, -2, -2, -2, -2, -2, -2, -2, -1, -2, -1, -2, -2, -2]
The optimal fitness value of the  3  generation population: 1056.730112424431
bestS: [2839, 2384, 2111, 1577, 414, 376, 1833, 1804, 1377, 1390, 2607, 2604, 1917, 2200, 2601, 2590, 2030, 2150, 2172, 2331]
Number of communities: 13
comRes: [2, 2, 2, 1, 1, 1, 1, 1, 1, 1, 1, 1, 1]
effect0 1056.730112424431
Maximum Community Number: 0
Start multiple processes 3  generation
Generation 4 comGenAcc: [2, 3, 4, 3, 2, 3, 3, 3, 2, 2, 3, 2, 2]
Generation 4 comBen: [3, 3, 3, 0, 0, 3, 0, 1, 0, 0, 0, 0, 0]
(195.19366420477664, 1) (195.19366420477664, 2)
(147.17817501435056, 2) (146.52952903004427, 3)
(96.52121176058043, 2) (96.52121176058043, 4)
(109.9118445842192, 0) (109.9118445842192, 3)
(146.69063314907748, 0) (146.69063314907748, 2)
(185.82560060802098, 2) (185.82560060802098, 3)
(58.44057809721847, 0) (58.44057809721847, 3)
(78.28954103331075, 1) (78.28954103331075, 3)
(0.30579999999999863, 0) (0.30579999999999863, 2)
(13.174201446724345, 0) (13.174201446724345, 2)
(9.638506157322006, 0) (9.638506157322006, 3)
(0, 0) (0, 2)
(3.212484601634561, 0) (3.212484601634561, 2)
[-2, -2, -2, -1, -2, -2, -1, -2, -2, -2, -1, -2, -2]
The optimal fitness value of the  4  generation population: 1055.9339367529997
bestS: [2384, 2598, 1577, 2839, 414, 376, 1833, 1804, 1377, 1390, 2607, 2604, 1917, 2200, 2601, 2590, 2030, 2150, 2172, 2331]
Number of communities: 10
comRes: [3, 2, 2, 2, 2, 1, 1, 1, 1, 1]
effect0 1055.9339367529997
Maximum Community Number: 0
Start multiple processes 4  generation
Generation 5 comGenAcc: [4, 3, 3, 4, 8, 4, 4, 3, 3, 3]
Generation 5 comBen: [4, 4, 4, 3, 3, 3, 1, 0, 0, 0]
(205.02401875656176, 3) (205.02401875656176, 4)
(123.57277013900239, 2) (123.57277013900239, 3)
(156.67818066226806, 2) (156.67818066226806, 3)
(195.19366420477664, 1) (195.19366420477664, 4)
(96.52121176058043, 2) (96.52121176058043, 8)
(185.82560060802098, 2) (185.82560060802098, 4)
(78.28954103331075, 1) (78.28954103331075, 4)
(0.30579999999999863, 0) (0.30579999999999863, 3)
(0, 0) (0, 3)
(3.212484601634561, 0) (3.212484601634561, 3)
[-2, -2, -2, -1, -1, -2, -1, -1, -1, -1]
The optimal fitness value of the  5  generation population: 1055.9339367529997
bestS: [414, 376, 2839, 2598, 2384, 1577, 2607, 2604, 1917, 2200, 2601, 2590, 2030, 2150, 2172, 2331, 1833, 1804, 1377, 1390]
Number of communities: 5
comRes: [5, 4, 4, 2, 1]
effect0 1055.9339367529997

PCMCC facebook 20 1
------------------- communityDivision start -----------------------
Modularity: 0.8349032049261919

547
546
443
421
401
384
344
236
221
207
73
66
59
39
25
27
------------------- communityDivision end ------------------------


comK: [0, 0, 3, 0, 2, 4, 0, 10, 1, 0, 0, 0, 0, 0, 0, 0]
sumK: 20
The optimal fitness value of the  0  generation population: 1083.6509813082844
bestS: [2384, 2111, 2133, 414, 376, 1833, 946, 1612, 1153, 2352, 2118, 1917, 2200, 2043, 2590, 2356, 2381, 2172, 2619, 2839]
Number of communities: 16
comRes: [1, 1, 1, 1, 1, 1, 1, 1, 1, 1, 1, 1, 1, 1, 1, 1]
effect0 1083.6509813082844
Maximum Community Number: 0
Start multiple processes 0  generation
Generation 1 comGenAcc: [1, 1, 1, 0, 1, 0, 0, 1, 0, 0, 1, 0, 1, 1, 1, 0]
Generation 1 comBen: [0, 0, 0, 0, 0, 0, 0, 0, 0, 0, 0, 0, 0, 0, 0, 0]
(142.3538582358414, 0) (142.3538582358414, 1)
(109.9118445842192, 0) (109.9118445842192, 1)
(122.95708078691558, 0) (120.91016630940393, 1)
(146.69063314907748, 0) (146.69063314907748, 0)
(96.52121176058043, 0) (96.52121176058043, 1)
(197.31324621700978, 0) (197.31324621700978, 0)
(58.44057809721847, 0) (58.44057809721847, 0)
(88.68115702839164, 0) (78.28954103331075, 1)
(52.422050992198145, 0) (52.422050992198145, 0)
(0.30579999999999863, 0) (0.30579999999999863, 0)
(25.581442334499197, 0) (25.581442334499197, 1)
(13.174201446724345, 0) (13.174201446724345, 0)
(0, 0) (0, 1)
(9.638506157322006, 0) (9.638506157322006, 1)
(0, 0) (0, 1)
(3.212484601634561, 0) (3.212484601634561, 0)
[-2, -2, -2, -2, -2, -2, -2, -2, -2, -2, -2, -2, -2, -2, -2, -2]
The optimal fitness value of the  1  generation population: 1069.8611902529394
bestS: [2384, 2111, 1577, 414, 376, 1833, 946, 1612, 1153, 2607, 2604, 1917, 2200, 2601, 2590, 2030, 2150, 2172, 2331, 2839]
Number of communities: 16
comRes: [1, 1, 1, 1, 1, 1, 1, 1, 1, 1, 1, 1, 1, 1, 1, 1]
effect0 1069.8611902529394
Maximum Community Number: 0
Start multiple processes 1  generation
Generation 2 comGenAcc: [2, 2, 2, 1, 2, 1, 1, 2, 1, 1, 2, 1, 2, 2, 1, 0]
Generation 2 comBen: [0, 0, 1, 0, 0, 0, 0, 1, 0, 0, 0, 0, 0, 0, 0, 0]
(142.3538582358414, 0) (142.3538582358414, 2)
(109.9118445842192, 0) (109.9118445842192, 2)
(120.91016630940393, 1) (120.91016630940393, 2)
(146.69063314907748, 0) (146.69063314907748, 1)
(96.52121176058043, 0) (96.52121176058043, 2)
(197.31324621700978, 0) (186.0324156136173, 1)
(58.44057809721847, 0) (58.44057809721847, 1)
(78.28954103331075, 1) (78.28954103331075, 2)
(52.422050992198145, 0) (52.422050992198145, 1)
(0.30579999999999863, 0) (0.30579999999999863, 1)
(25.581442334499197, 0) (25.581442334499197, 2)
(13.174201446724345, 0) (13.174201446724345, 1)
(0, 0) (0, 2)
(9.638506157322006, 0) (9.638506157322006, 2)
(0, 0) (0, 1)
(3.212484601634561, 0) (3.212484601634561, 0)
[-2, -2, -2, -2, -2, -2, -2, -2, -2, -2, -2, -2, -2, -2, -2, -2]
The optimal fitness value of the  2  generation population: 1056.87888803811
bestS: [2384, 2111, 1577, 414, 376, 1833, 1610, 1377, 1390, 2607, 2604, 1917, 2200, 2601, 2590, 2030, 2150, 2172, 2331, 2839]
Number of communities: 16
comRes: [1, 1, 1, 1, 1, 1, 1, 1, 1, 1, 1, 1, 1, 1, 1, 1]
effect0 1056.87888803811
Maximum Community Number: 0
Start multiple processes 2  generation
Generation 3 comGenAcc: [3, 2, 2, 1, 2, 2, 2, 2, 1, 1, 3, 1, 3, 2, 1, 1]
Generation 3 comBen: [0, 0, 1, 0, 0, 2, 0, 1, 0, 0, 0, 0, 0, 0, 0, 0]
(142.3538582358414, 0) (142.3538582358414, 3)
(109.9118445842192, 0) (109.9118445842192, 2)
(120.91016630940393, 1) (120.91016630940393, 2)
(146.69063314907748, 0) (146.69063314907748, 1)
(96.52121176058043, 0) (96.52121176058043, 2)
(186.0324156136173, 1) (185.82560060802098, 2)
(58.44057809721847, 0) (58.44057809721847, 2)
(78.28954103331075, 1) (78.28954103331075, 2)
(52.422050992198145, 0) (52.422050992198145, 1)
(0.30579999999999863, 0) (0.30579999999999863, 1)
(25.581442334499197, 0) (25.581442334499197, 3)
(13.174201446724345, 0) (13.174201446724345, 1)
(0, 0) (0, 3)
(9.638506157322006, 0) (9.638506157322006, 2)
(0, 0) (0, 1)
(3.212484601634561, 0) (3.212484601634561, 1)
[-1, -2, -2, -2, -2, -2, -2, -2, -2, -2, -1, -2, -1, -2, -2, -2]
The optimal fitness value of the  3  generation population: 1056.730112424431
bestS: [2839, 2384, 2111, 1577, 414, 376, 1833, 1804, 1377, 1390, 2607, 2604, 1917, 2200, 2601, 2590, 2030, 2150, 2172, 2331]
Number of communities: 13
comRes: [2, 2, 2, 1, 1, 1, 1, 1, 1, 1, 1, 1, 1]
effect0 1056.730112424431
Maximum Community Number: 0
Start multiple processes 3  generation
Generation 4 comGenAcc: [2, 3, 4, 3, 2, 3, 3, 3, 2, 2, 3, 2, 2]
Generation 4 comBen: [3, 3, 3, 0, 0, 3, 0, 1, 0, 0, 0, 0, 0]
(195.19366420477664, 1) (195.19366420477664, 2)
(147.17817501435056, 2) (146.52952903004427, 3)
(96.52121176058043, 2) (96.52121176058043, 4)
(109.9118445842192, 0) (109.9118445842192, 3)
(146.69063314907748, 0) (146.69063314907748, 2)
(185.82560060802098, 2) (185.82560060802098, 3)
(58.44057809721847, 0) (58.44057809721847, 3)
(78.28954103331075, 1) (78.28954103331075, 3)
(0.30579999999999863, 0) (0.30579999999999863, 2)
(13.174201446724345, 0) (13.174201446724345, 2)
(9.638506157322006, 0) (9.638506157322006, 3)
(0, 0) (0, 2)
(3.212484601634561, 0) (3.212484601634561, 2)
[-2, -2, -2, -1, -2, -2, -1, -2, -2, -2, -1, -2, -2]
The optimal fitness value of the  4  generation population: 1055.9339367529997
bestS: [2384, 2598, 1577, 2839, 414, 376, 1833, 1804, 1377, 1390, 2607, 2604, 1917, 2200, 2601, 2590, 2030, 2150, 2172, 2331]
Number of communities: 10
comRes: [3, 2, 2, 2, 2, 1, 1, 1, 1, 1]
effect0 1055.9339367529997
Maximum Community Number: 0
Start multiple processes 4  generation
Generation 5 comGenAcc: [4, 3, 3, 4, 8, 4, 4, 3, 3, 3]
Generation 5 comBen: [4, 4, 4, 3, 3, 3, 1, 0, 0, 0]
(205.02401875656176, 3) (205.02401875656176, 4)
(123.57277013900239, 2) (123.57277013900239, 3)
(156.67818066226806, 2) (156.67818066226806, 3)
(195.19366420477664, 1) (195.19366420477664, 4)
(96.52121176058043, 2) (96.52121176058043, 8)
(185.82560060802098, 2) (185.82560060802098, 4)
(78.28954103331075, 1) (78.28954103331075, 4)
(0.30579999999999863, 0) (0.30579999999999863, 3)
(0, 0) (0, 3)
(3.212484601634561, 0) (3.212484601634561, 3)
[-2, -2, -2, -1, -1, -2, -1, -1, -1, -1]
The optimal fitness value of the  5  generation population: 1055.9339367529997
bestS: [414, 376, 2839, 2598, 2384, 1577, 2607, 2604, 1917, 2200, 2601, 2590, 2030, 2150, 2172, 2331, 1833, 1804, 1377, 1390]
Number of communities: 5
comRes: [5, 4, 4, 2, 1]
effect0 1055.9339367529997
Maximum Community Number: 2
Start multiple processes 5  generation
Generation 6 comGenAcc: [12, 11, 5, 4, 9]
Generation 6 comBen: [5, 5, 5, 4, 3]
(257.732111028697, 3) (257.732111028697, 12)
(198.8012098751633, 3) (198.8012098751633, 11)
(282.60709792129126, 4) (276.63858573630665, 5)
(123.57277013900239, 2) (123.57277013900239, 4)
(185.82560060802098, 2) (185.82560060802098, 9)
[-1, -1, -2, -2, -1]
The optimal fitness value of the  6  generation population: 1049.8124415302345
bestS: [414, 376, 2839, 1833, 1804, 1377, 1390, 2384, 2598, 1577, 2607, 2604, 2199, 2111, 2601, 2590, 2030, 2150, 2172, 2331]
Number of communities: 3
comRes: [10, 4, 2]
effect0 1049.8124415302345

PCMCC facebook 20 1
------------------- communityDivision start -----------------------
Modularity: 0.8349032049261919

547
546
443
421
401
384
344
236
221
207
73
66
59
39
25
27
------------------- communityDivision end ------------------------


comK: [0, 0, 3, 0, 2, 4, 0, 10, 1, 0, 0, 0, 0, 0, 0, 0]
sumK: 20
The optimal fitness value of the  0  generation population: 1083.6509813082844
bestS: [2384, 2111, 2133, 414, 376, 1833, 946, 1612, 1153, 2352, 2118, 1917, 2200, 2043, 2590, 2356, 2381, 2172, 2619, 2839]
Number of communities: 16
comRes: [1, 1, 1, 1, 1, 1, 1, 1, 1, 1, 1, 1, 1, 1, 1, 1]
effect0 1083.6509813082844
Maximum Community Number: 0
Start multiple processes 0  generation
Generation 1 comGenAcc: [1, 1, 1, 0, 1, 0, 0, 1, 0, 0, 1, 0, 1, 1, 1, 0]
Generation 1 comBen: [0, 0, 0, 0, 0, 0, 0, 0, 0, 0, 0, 0, 0, 0, 0, 0]
(142.3538582358414, 0) (142.3538582358414, 1)
(109.9118445842192, 0) (109.9118445842192, 1)
(122.95708078691558, 0) (120.91016630940393, 1)
(146.69063314907748, 0) (146.69063314907748, 0)
(96.52121176058043, 0) (96.52121176058043, 1)
(197.31324621700978, 0) (197.31324621700978, 0)
(58.44057809721847, 0) (58.44057809721847, 0)
(88.68115702839164, 0) (78.28954103331075, 1)
(52.422050992198145, 0) (52.422050992198145, 0)
(0.30579999999999863, 0) (0.30579999999999863, 0)
(25.581442334499197, 0) (25.581442334499197, 1)
(13.174201446724345, 0) (13.174201446724345, 0)
(0, 0) (0, 1)
(9.638506157322006, 0) (9.638506157322006, 1)
(0, 0) (0, 1)
(3.212484601634561, 0) (3.212484601634561, 0)
[-2, -2, -2, -2, -2, -2, -2, -2, -2, -2, -2, -2, -2, -2, -2, -2]
The optimal fitness value of the  1  generation population: 1069.8611902529394
bestS: [2384, 2111, 1577, 414, 376, 1833, 946, 1612, 1153, 2607, 2604, 1917, 2200, 2601, 2590, 2030, 2150, 2172, 2331, 2839]
Number of communities: 16
comRes: [1, 1, 1, 1, 1, 1, 1, 1, 1, 1, 1, 1, 1, 1, 1, 1]
effect0 1069.8611902529394
Maximum Community Number: 0
Start multiple processes 1  generation
Generation 2 comGenAcc: [2, 2, 2, 1, 2, 1, 1, 2, 1, 1, 2, 1, 2, 2, 1, 0]
Generation 2 comBen: [0, 0, 1, 0, 0, 0, 0, 1, 0, 0, 0, 0, 0, 0, 0, 0]
(142.3538582358414, 0) (142.3538582358414, 2)
(109.9118445842192, 0) (109.9118445842192, 2)
(120.91016630940393, 1) (120.91016630940393, 2)
(146.69063314907748, 0) (146.69063314907748, 1)
(96.52121176058043, 0) (96.52121176058043, 2)
(197.31324621700978, 0) (186.0324156136173, 1)
(58.44057809721847, 0) (58.44057809721847, 1)
(78.28954103331075, 1) (78.28954103331075, 2)
(52.422050992198145, 0) (52.422050992198145, 1)
(0.30579999999999863, 0) (0.30579999999999863, 1)
(25.581442334499197, 0) (25.581442334499197, 2)
(13.174201446724345, 0) (13.174201446724345, 1)
(0, 0) (0, 2)
(9.638506157322006, 0) (9.638506157322006, 2)
(0, 0) (0, 1)
(3.212484601634561, 0) (3.212484601634561, 0)
[-2, -2, -2, -2, -2, -2, -2, -2, -2, -2, -2, -2, -2, -2, -2, -2]
The optimal fitness value of the  2  generation population: 1056.87888803811
bestS: [2384, 2111, 1577, 414, 376, 1833, 1610, 1377, 1390, 2607, 2604, 1917, 2200, 2601, 2590, 2030, 2150, 2172, 2331, 2839]
Number of communities: 16
comRes: [1, 1, 1, 1, 1, 1, 1, 1, 1, 1, 1, 1, 1, 1, 1, 1]
effect0 1056.87888803811
Maximum Community Number: 0
Start multiple processes 2  generation
Generation 3 comGenAcc: [3, 2, 2, 1, 2, 2, 2, 2, 1, 1, 3, 1, 3, 2, 1, 1]
Generation 3 comBen: [0, 0, 1, 0, 0, 2, 0, 1, 0, 0, 0, 0, 0, 0, 0, 0]
(142.3538582358414, 0) (142.3538582358414, 3)
(109.9118445842192, 0) (109.9118445842192, 2)
(120.91016630940393, 1) (120.91016630940393, 2)
(146.69063314907748, 0) (146.69063314907748, 1)
(96.52121176058043, 0) (96.52121176058043, 2)
(186.0324156136173, 1) (185.82560060802098, 2)
(58.44057809721847, 0) (58.44057809721847, 2)
(78.28954103331075, 1) (78.28954103331075, 2)
(52.422050992198145, 0) (52.422050992198145, 1)
(0.30579999999999863, 0) (0.30579999999999863, 1)
(25.581442334499197, 0) (25.581442334499197, 3)
(13.174201446724345, 0) (13.174201446724345, 1)
(0, 0) (0, 3)
(9.638506157322006, 0) (9.638506157322006, 2)
(0, 0) (0, 1)
(3.212484601634561, 0) (3.212484601634561, 1)
[-1, -2, -2, -2, -2, -2, -2, -2, -2, -2, -1, -2, -1, -2, -2, -2]
The optimal fitness value of the  3  generation population: 1056.730112424431
bestS: [2839, 2384, 2111, 1577, 414, 376, 1833, 1804, 1377, 1390, 2607, 2604, 1917, 2200, 2601, 2590, 2030, 2150, 2172, 2331]
Number of communities: 13
comRes: [2, 2, 2, 1, 1, 1, 1, 1, 1, 1, 1, 1, 1]
effect0 1056.730112424431
Maximum Community Number: 0
Start multiple processes 3  generation
Generation 4 comGenAcc: [2, 3, 4, 3, 2, 3, 3, 3, 2, 2, 3, 2, 2]
Generation 4 comBen: [3, 3, 3, 0, 0, 3, 0, 1, 0, 0, 0, 0, 0]
(195.19366420477664, 1) (195.19366420477664, 2)
(147.17817501435056, 2) (146.52952903004427, 3)
(96.52121176058043, 2) (96.52121176058043, 4)
(109.9118445842192, 0) (109.9118445842192, 3)
(146.69063314907748, 0) (146.69063314907748, 2)
(185.82560060802098, 2) (185.82560060802098, 3)
(58.44057809721847, 0) (58.44057809721847, 3)
(78.28954103331075, 1) (78.28954103331075, 3)
(0.30579999999999863, 0) (0.30579999999999863, 2)
(13.174201446724345, 0) (13.174201446724345, 2)
(9.638506157322006, 0) (9.638506157322006, 3)
(0, 0) (0, 2)
(3.212484601634561, 0) (3.212484601634561, 2)
[-2, -2, -2, -1, -2, -2, -1, -2, -2, -2, -1, -2, -2]
The optimal fitness value of the  4  generation population: 1055.9339367529997
bestS: [2384, 2598, 1577, 2839, 414, 376, 1833, 1804, 1377, 1390, 2607, 2604, 1917, 2200, 2601, 2590, 2030, 2150, 2172, 2331]
Number of communities: 10
comRes: [3, 2, 2, 2, 2, 1, 1, 1, 1, 1]
effect0 1055.9339367529997
Maximum Community Number: 0
Start multiple processes 4  generation
Generation 5 comGenAcc: [4, 3, 3, 4, 8, 4, 4, 3, 3, 3]
Generation 5 comBen: [4, 4, 4, 3, 3, 3, 1, 0, 0, 0]
(205.02401875656176, 3) (205.02401875656176, 4)
(123.57277013900239, 2) (123.57277013900239, 3)
(156.67818066226806, 2) (156.67818066226806, 3)
(195.19366420477664, 1) (195.19366420477664, 4)
(96.52121176058043, 2) (96.52121176058043, 8)
(185.82560060802098, 2) (185.82560060802098, 4)
(78.28954103331075, 1) (78.28954103331075, 4)
(0.30579999999999863, 0) (0.30579999999999863, 3)
(0, 0) (0, 3)
(3.212484601634561, 0) (3.212484601634561, 3)
[-2, -2, -2, -1, -1, -2, -1, -1, -1, -1]
The optimal fitness value of the  5  generation population: 1055.9339367529997
bestS: [414, 376, 2839, 2598, 2384, 1577, 2607, 2604, 1917, 2200, 2601, 2590, 2030, 2150, 2172, 2331, 1833, 1804, 1377, 1390]
Number of communities: 5
comRes: [5, 4, 4, 2, 1]
effect0 1055.9339367529997
Maximum Community Number: 2
Start multiple processes 5  generation
Generation 6 comGenAcc: [12, 11, 5, 4, 9]
Generation 6 comBen: [5, 5, 5, 4, 3]
(257.732111028697, 3) (257.732111028697, 12)
(198.8012098751633, 3) (198.8012098751633, 11)
(282.60709792129126, 4) (276.63858573630665, 5)
(123.57277013900239, 2) (123.57277013900239, 4)
(185.82560060802098, 2) (185.82560060802098, 9)
[-1, -1, -2, -2, -1]
The optimal fitness value of the  6  generation population: 1049.8124415302345
bestS: [414, 376, 2839, 1833, 1804, 1377, 1390, 2384, 2598, 1577, 2607, 2604, 2199, 2111, 2601, 2590, 2030, 2150, 2172, 2331]
Number of communities: 3
comRes: [10, 4, 2]
effect0 1049.8124415302345
Maximum Community Number: 0
Start multiple processes 6  generation
Generation 7 comGenAcc: [10, 6, 5]
Generation 7 comBen: [6, 6, 4]
(647.2270931283831, 9) (643.8478319011462, 10)
(276.63858573630665, 5) (274.14354558873384, 6)
(123.57277013900239, 2) (123.57277013900239, 5)
[-2, -2, -1]
